20210820	300760	61900	0	0	1387
20210820	300296	33800	0	0	204
20210820	300015	29200	0	0	2085
20210820	601233	23900	0	0	586
20210820	002049	22900	0	0	1311
20210820	000002	20200	0	0	2211
20210820	000830	19900	0	0	277
20210820	601688	19700	0	0	1192
20210820	600958	19600	0	0	920
20210820	300454	18200	0	0	753
20210820	000895	16299	0	0	375
20210820	300595	15900	0	0	464
20210820	600038	15600	0	0	396
20210820	000009	15500	0	0	686
20210820	300347	14500	0	0	765
20210820	600010	14500	0	0	827
20210820	600030	14200	0	0	2380
20210820	600460	13899	0	0	786
20210820	002142	13500	0	0	2081
20210820	300014	13200	0	0	1802
20210820	601939	11200	0	0	569
20210820	300737	11200	0	0	153
20210820	600036	11000	0	0	10534
20210820	600875	11000	0	0	333
20210820	300896	10800	0	0	266
20210820	002183	10500	0	0	153
20210820	300124	10500	0	0	1439
20210820	000568	10400	0	0	2368
20210820	002747	10300	0	0	230
20210820	000661	9907	0	0	1002
20210820	002110	9794	0	0	229
20210820	600845	9566	0	0	758
20210820	601658	8944	0	0	583
20210820	000155	8881	0	0	360
20210820	600196	8606	0	0	1277
20210820	603195	8544	0	0	134
20210820	002939	8482	0	0	214
20210820	002155	8235	0	0	167
20210820	600282	8042	0	0	187
20210820	300408	7899	0	0	684
20210820	600887	7888	0	0	1971
20210820	000516	7730	0	0	204
20210820	600763	7512	0	0	872
20210820	600809	7432	0	0	3315
20210820	300759	7206	0	0	506
20210820	600585	6752	0	0	1686
20210820	000301	6529	0	0	452
20210820	300458	6463	0	0	188
20210820	601555	6456	0	0	380
20210820	600900	6397	0	0	4521
20210820	600519	-183600	0	0	19469
20210820	000858	-145900	0	0	8016
20210820	600276	-128800	0	0	3086
20210820	000651	-97899	0	0	2751
20210820	300059	-72500	0	0	2680
20210820	603799	-68800	0	0	1489
20210820	300750	-58600	0	0	10034
20210820	300142	-57500	0	0	1221
20210820	601318	-49800	0	0	5742
20210820	002460	-48800	0	0	1548
20210820	300274	-34000	0	0	1509
20210820	600438	-27599	0	0	2204
20210820	300724	-22000	0	0	610
20210820	600031	-21900	0	0	2380
20210820	000625	-21900	0	0	1312
20210820	603986	-20400	0	0	1034
20210820	601877	-19600	0	0	1082
20210820	002241	-18800	0	0	1161
20210820	601100	-18300	0	0	1222
20210820	603659	-18300	0	0	1073
20210820	600111	-17100	0	0	1561
20210820	601166	-16299	0	0	3584
20210820	600703	-16299	0	0	1509
20210820	002271	-16000	0	0	884
20210820	002027	-15000	0	0	1042
20210820	600596	-14800	0	0	235
20210820	600104	-14800	0	0	2153
20210820	601225	-14200	0	0	1015
20210820	600132	-14100	0	0	679
20210820	000799	-13799	0	0	611
20210820	601899	-13600	0	0	2059
20210820	000725	-13400	0	0	1912
20210820	002008	-12700	0	0	409
20210820	601012	-12300	0	0	4285
20210820	000860	-11900	0	0	229
20210820	603259	-11500	0	0	3132
20210820	600600	-11500	0	0	596
20210820	601865	-11399	0	0	225
20210820	601377	-11000	0	0	759
20210820	601669	-10900	0	0	658
20210820	600219	-10600	0	0	638
20210820	000963	-10100	0	0	662
20210820	002493	-9444	0	0	1797
20210820	000932	-9385	0	0	428
20210820	603218	-9130	0	0	340
20210820	600338	-9112	0	0	377
20210820	000738	-9030	0	0	285
20210820	000723	-9004	0	0	496
20210820	002594	-8945	0	0	3265
20210820	000959	-8850	0	0	376
20210824	601012	134400	0	0	4556
20210824	600030	80900	0	0	2467
20210824	603799	53800	0	0	1604
20210824	002594	51100	0	0	3419
20210824	002407	47400	0	0	340
20210824	603993	43300	0	0	1256
20210824	300782	36400	0	0	880
20210824	600519	36300	0	0	20440
20210824	601888	33400	0	0	4688
20210824	300450	29800	0	0	1096
20210824	000001	29700	0	0	3756
20210824	600036	29200	0	0	10772
20210824	601615	26100	0	0	318
20210824	000301	25200	0	0	479
20210824	600010	25099	0	0	948
20210824	300124	24300	0	0	1563
20210824	600745	24100	0	0	1071
20210824	603288	23600	0	0	4624
20210824	002340	21300	0	0	579
20210824	300454	19900	0	0	748
20210824	000878	18200	0	0	244
20210824	002202	17700	0	0	479
20210824	603659	14700	0	0	1130
20210824	600141	13899	0	0	312
20210824	600570	13400	0	0	814
20210824	000002	13100	0	0	2235
20210824	300750	12900	0	0	10614
20210824	002352	12800	0	0	2705
20210824	600011	12700	0	0	572
20210824	300433	12300	0	0	1252
20210824	603259	12200	0	0	3335
20210824	000630	11700	0	0	392
20210824	000999	11600	0	0	259
20210824	000960	11600	0	0	295
20210824	601618	11299	0	0	712
20210824	300760	11000	0	0	1524
20210824	002436	10700	0	0	207
20210824	002027	10700	0	0	1150
20210824	601899	10700	0	0	2119
20210824	002531	10500	0	0	213
20210824	601211	10400	0	0	1399
20210824	000333	9958	0	0	4859
20210824	688036	9928	0	0	679
20210824	603185	9743	0	0	294
20210824	000568	9678	0	0	2545
20210824	002079	9495	0	0	111
20210824	600256	9161	0	0	366
20210824	002245	9150	0	0	246
20210824	002008	9103	0	0	435
20210824	600369	8999	0	0	304
20210824	000858	-70700	0	0	8155
20210824	600031	-37200	0	0	2380
20210824	002460	-28700	0	0	1646
20210824	002230	-26600	0	0	1095
20210824	300142	-25299	0	0	1268
20210824	000776	-21000	0	0	1246
20210824	600276	-19800	0	0	3005
20210824	600176	-17100	0	0	723
20210824	000933	-16400	0	0	292
20210824	601555	-15700	0	0	375
20210824	300015	-15300	0	0	2208
20210824	600111	-14900	0	0	1727
20210824	000807	-14800	0	0	428
20210824	000009	-14300	0	0	735
20210824	600019	-14100	0	0	1865
20210824	603501	-14100	0	0	2112
20210824	002812	-13500	0	0	2394
20210824	002080	-13400	0	0	489
20210824	002179	-13400	0	0	1091
20210824	300182	-13300	0	0	93
20210824	300296	-12700	0	0	202
20210824	600596	-12700	0	0	248
20210824	002129	-12200	0	0	1496
20210824	601877	-11700	0	0	1140
20210824	600699	-11600	0	0	342
20210824	300751	-11500	0	0	390
20210824	600426	-11200	0	0	729
20210824	600219	-11000	0	0	649
20210824	000733	-10400	0	0	517
20210824	601865	-9996	0	0	238
20210824	300725	-9818	0	0	287
20210824	600196	-9661	0	0	1366
20210824	601600	-9616	0	0	789
20210824	300122	-9352	0	0	1529
20210824	601117	-9287	0	0	503
20210824	600588	-9180	0	0	1213
20210824	002557	-9011	0	0	200
20210824	002183	-8805	0	0	146
20210824	300775	-8750	0	0	141
20210824	601100	-8580	0	0	1246
20210824	600438	-8570	0	0	2283
20210824	600704	-8383	0	0	337
20210824	300568	-8215	0	0	270
20210824	600038	-8115	0	0	400
20210824	300496	-8097	0	0	406
20210824	603986	-8089	0	0	1099
20210824	000400	-8051	0	0	171
20210824	600711	-7899	0	0	236
20210824	000100	-7817	0	0	922
20210824	002192	-7724	0	0	387
20210826	601600	118100	0	0	946
20210826	300760	91199	0	0	1604
20210826	600036	54800	0	0	10244
20210826	603260	53200	0	0	2010
20210826	601908	43400	0	0	287
20210826	600150	34300	0	0	534
20210826	601012	33700	0	0	4657
20210826	600111	30299	0	0	1747
20210826	600030	29200	0	0	2412
20210826	000858	20000	0	0	8047
20210826	002709	19900	0	0	897
20210826	000001	19100	0	0	3581
20210826	000333	18800	0	0	4635
20210826	002049	18100	0	0	1443
20210826	000776	17500	0	0	1190
20210826	300339	16800	0	0	222
20210826	600588	16200	0	0	1138
20210826	603259	15400	0	0	3206
20210826	002008	15100	0	0	436
20210826	300450	14600	0	0	1035
20210826	002459	14500	0	0	438
20210826	600089	13700	0	0	708
20210826	603882	13500	0	0	514
20210826	002475	13000	0	0	2613
20210826	603077	12900	0	0	241
20210826	603501	12800	0	0	2030
20210826	300274	12700	0	0	1643
20210826	688012	12400	0	0	429
20210826	600740	11800	0	0	177
20210826	300124	11399	0	0	1541
20210826	000831	11399	0	0	501
20210826	601377	11200	0	0	671
20210826	002079	11100	0	0	117
20210826	300015	11000	0	0	2172
20210826	603486	10900	0	0	946
20210826	601766	10800	0	0	1517
20210826	000063	10800	0	0	1314
20210826	000938	10500	0	0	685
20210826	300750	10000	0	0	10572
20210826	601225	9955	0	0	1154
20210826	002335	9928	0	0	167
20210826	300037	9879	0	0	290
20210826	603198	9784	0	0	333
20210826	300748	9579	0	0	159
20210826	000807	9490	0	0	464
20210826	300751	9440	0	0	403
20210826	000960	9118	0	0	335
20210826	300379	8718	0	0	139
20210826	603833	8633	0	0	873
20210826	002241	8477	0	0	1267
20210826	600519	-84600	0	0	20061
20210826	600276	-53500	0	0	2885
20210826	000651	-42100	0	0	2574
20210826	002407	-38400	0	0	322
20210826	603799	-24500	0	0	1601
20210826	002497	-23800	0	0	310
20210826	002812	-21400	0	0	2443
20210826	002027	-21000	0	0	1130
20210826	300014	-20600	0	0	1769
20210826	002594	-19600	0	0	3238
20210826	601318	-19100	0	0	5452
20210826	300782	-18800	0	0	824
20210826	000155	-18600	0	0	403
20210826	603986	-18500	0	0	1034
20210826	600596	-17000	0	0	275
20210826	000050	-16600	0	0	323
20210826	002511	-16000	0	0	251
20210826	002230	-14900	0	0	1112
20210826	600176	-14900	0	0	698
20210826	000012	-13500	0	0	240
20210826	300347	-12600	0	0	794
20210826	601919	-12000	0	0	2432
20210826	600549	-11700	0	0	408
20210826	603993	-10800	0	0	1302
20210826	300496	-10700	0	0	391
20210826	000629	-10400	0	0	349
20210826	002155	-10200	0	0	163
20210826	002340	-9890	0	0	580
20210826	300607	-9285	0	0	64
20210826	600887	-9268	0	0	1963
20210826	600256	-9244	0	0	363
20210826	300059	-9183	0	0	2642
20210826	600985	-9055	0	0	127
20210826	300408	-8952	0	0	684
20210826	601636	-8929	0	0	738
20210826	002371	-8878	0	0	1760
20210826	002465	-8645	0	0	251
20210826	600522	-8551	0	0	256
20210826	600438	-8522	0	0	2440
20210826	600426	-8348	0	0	730
20210826	603345	-8322	0	0	376
20210826	000825	-8273	0	0	522
20210826	600369	-8104	0	0	288
20210826	002182	-7734	0	0	89
20210826	601211	-7662	0	0	1305
20210826	600436	-7649	0	0	2186
20210826	002460	-7630	0	0	1616
20210826	300033	-7612	0	0	304
20210826	600460	-7220	0	0	784
20210826	603369	-6983	0	0	529
20210827	601012	111400	0	0	4913
20210827	300760	62300	0	0	1613
20210827	002594	56200	0	0	3330
20210827	600030	46900	0	0	2428
20210827	600036	43099	0	0	10386
20210827	002241	36600	0	0	1393
20210827	002460	35100	0	0	1687
20210827	600438	32700	0	0	2582
20210827	000960	32500	0	0	361
20210827	300750	29900	0	0	10296
20210827	601318	29100	0	0	5630
20210827	300014	26100	0	0	1875
20210827	002340	26000	0	0	638
20210827	600741	22500	0	0	714
20210827	002013	22300	0	0	506
20210827	002074	21300	0	0	630
20210827	603259	21000	0	0	3307
20210827	600703	21000	0	0	1495
20210827	600276	20700	0	0	2932
20210827	002049	18500	0	0	1400
20210827	000661	18100	0	0	955
20210827	002027	17000	0	0	1087
20210827	601633	17000	0	0	3824
20210827	688111	16400	0	0	550
20210827	600519	14600	0	0	20038
20210827	603260	13700	0	0	2120
20210827	000333	13600	0	0	4626
20210827	600309	13400	0	0	1490
20210827	000001	13200	0	0	3570
20210827	601908	13000	0	0	295
20210827	603799	13000	0	0	1650
20210827	600188	12800	0	0	635
20210827	601888	12700	0	0	4688
20210827	300751	12600	0	0	399
20210827	300316	12500	0	0	866
20210827	601088	12500	0	0	2997
20210827	300413	12200	0	0	444
20210827	600460	11800	0	0	782
20210827	300124	11399	0	0	1559
20210827	300450	11100	0	0	1092
20210827	688012	10300	0	0	430
20210827	600577	10100	0	0	170
20210827	600141	9912	0	0	362
20210827	601601	9561	0	0	1789
20210827	002050	9528	0	0	908
20210827	002129	9030	0	0	1585
20210827	601238	8984	0	0	1253
20210827	000002	8822	0	0	2030
20210827	603882	8817	0	0	514
20210827	600919	8468	0	0	953
20210827	000858	-35900	0	0	7983
20210827	603501	-23800	0	0	2090
20210827	000651	-22900	0	0	2556
20210827	603993	-22200	0	0	1369
20210827	000063	-21800	0	0	1337
20210827	300059	-20200	0	0	2645
20210827	300122	-18800	0	0	1477
20210827	600426	-18700	0	0	748
20210827	600019	-16000	0	0	2022
20210827	000830	-14900	0	0	309
20210827	600104	-14300	0	0	2208
20210827	002475	-12500	0	0	2668
20210827	300296	-11900	0	0	196
20210827	300347	-11900	0	0	768
20210827	601166	-11700	0	0	3531
20210827	601636	-11600	0	0	756
20210827	600763	-11299	0	0	801
20210827	300408	-10800	0	0	684
20210827	601100	-10600	0	0	1200
20210827	600219	-10400	0	0	687
20210827	002192	-10100	0	0	358
20210827	300782	-9686	0	0	809
20210827	600295	-8846	0	0	195
20210827	300274	-8635	0	0	1633
20210827	000878	-8527	0	0	254
20210827	002709	-8255	0	0	921
20210827	600089	-8224	0	0	762
20210827	600887	-7747	0	0	1986
20210827	300487	-7563	0	0	130
20210827	600183	-7560	0	0	570
20210827	603077	-7486	0	0	265
20210827	000961	-7463	0	0	174
20210827	300142	-7421	0	0	1237
20210827	002812	-7394	0	0	2403
20210827	600745	-7301	0	0	1055
20210827	002335	-7279	0	0	159
20210827	300496	-7087	0	0	391
20210827	000100	-7000	0	0	925
20210827	002202	-6953	0	0	474
20210827	600516	-6619	0	0	468
20210827	600699	-6590	0	0	295
20210827	601669	-6504	0	0	662
20210827	002352	-6454	0	0	2578
20210827	000932	-6365	0	0	427
20210827	002179	-6316	0	0	1030
20210827	601766	-6289	0	0	1618
20210827	600185	-6214	0	0	197
20210827	002271	-6146	0	0	861
20210827	600048	-5937	0	0	1340
20210827	002145	-5769	0	0	311
20210830	601012	115399	0	0	5266
20210830	002241	89000	0	0	1448
20210830	600036	66800	0	0	9990
20210830	600893	57200	0	0	1443
20210830	300760	52600	0	0	1591
20210830	300750	50300	0	0	10248
20210830	300142	48600	0	0	1322
20210830	000333	36800	0	0	4499
20210830	600745	28700	0	0	1161
20210830	300122	27799	0	0	1631
20210830	600019	27500	0	0	2142
20210830	002049	25400	0	0	1357
20210830	000661	23700	0	0	951
20210830	300059	23100	0	0	2604
20210830	000538	22599	0	0	552
20210830	600111	21700	0	0	1916
20210830	300124	21300	0	0	1528
20210830	601908	20400	0	0	298
20210830	300347	18300	0	0	750
20210830	300015	17900	0	0	2050
20210830	300274	17700	0	0	1778
20210830	002092	16400	0	0	283
20210830	688111	16000	0	0	541
20210830	603259	15100	0	0	3323
20210830	688012	14900	0	0	395
20210830	600089	14500	0	0	828
20210830	600660	14000	0	0	967
20210830	300595	12500	0	0	438
20210830	600048	11900	0	0	1299
20210830	300782	11600	0	0	774
20210830	601117	11500	0	0	657
20210830	002812	11399	0	0	2453
20210830	000776	11000	0	0	1078
20210830	600132	10900	0	0	672
20210830	600763	10500	0	0	793
20210830	002506	10500	0	0	316
20210830	603392	10400	0	0	339
20210830	002408	10400	0	0	284
20210830	600009	10300	0	0	439
20210830	002236	10000	0	0	435
20210830	300316	9783	0	0	927
20210830	002460	9557	0	0	1856
20210830	002311	9349	0	0	1042
20210830	300118	9230	0	0	215
20210830	300413	9181	0	0	420
20210830	000683	9166	0	0	393
20210830	000998	9140	0	0	219
20210830	600690	9132	0	0	1617
20210830	000157	9028	0	0	532
20210830	603882	9020	0	0	501
20210830	601318	-114400	0	0	5492
20210830	600519	-41200	0	0	19909
20210830	000001	-40400	0	0	3437
20210830	000858	-37600	0	0	8038
20210830	600031	-37400	0	0	2186
20210830	000002	-36300	0	0	1887
20210830	600010	-34200	0	0	1083
20210830	002129	-32400	0	0	1665
20210830	002594	-28800	0	0	3259
20210830	000651	-28400	0	0	2447
20210830	000568	-28000	0	0	2598
20210830	002074	-25500	0	0	667
20210830	000960	-22599	0	0	376
20210830	600426	-20900	0	0	779
20210830	600516	-20900	0	0	500
20210830	601636	-19300	0	0	756
20210830	002709	-18800	0	0	900
20210830	603993	-17600	0	0	1354
20210830	000807	-15200	0	0	497
20210830	002410	-14800	0	0	573
20210830	601166	-12800	0	0	3553
20210830	601618	-12600	0	0	813
20210830	603185	-12300	0	0	333
20210830	603486	-12100	0	0	886
20210830	601615	-11700	0	0	327
20210830	600803	-11700	0	0	299
20210830	600150	-11700	0	0	530
20210830	002202	-11200	0	0	500
20210830	002304	-11100	0	0	2112
20210830	002475	-11000	0	0	2508
20210830	603799	-10900	0	0	1721
20210830	002465	-10600	0	0	253
20210830	300296	-10300	0	0	196
20210830	600000	-10200	0	0	2627
20210830	601377	-9959	0	0	652
20210830	601233	-9688	0	0	565
20210830	000338	-9440	0	0	852
20210830	600104	-8954	0	0	2265
20210830	002335	-8801	0	0	164
20210830	000630	-8723	0	0	421
20210830	600460	-8359	0	0	765
20210830	002738	-8187	0	0	168
20210830	600219	-8003	0	0	686
20210830	000818	-7900	0	0	222
20210830	600276	-7894	0	0	2904
20210830	600584	-7854	0	0	451
20210830	601601	-7834	0	0	1783
20210830	600143	-7733	0	0	445
20210830	000725	-7671	0	0	1943
20210830	300014	-7656	0	0	1928
