20220120	999999	78	309	231	\N
20220120	399001	47	359	311	\N
20220120	600036	171000	202700	31700	234400
20220120	600519	34800	129800	95000	224800
20220120	601318	135300	153000	17700	170700
20220120	600900	8400	49300	40900	90100
20220120	603259	-24100	27700	51800	79400
20220120	601166	-7800	35000	42800	77800
20220120	601888	-7100	32500	39600	72200
20220120	600031	13401	41000	27599	68600
20220120	601688	30900	48300	17400	65700
20220120	601899	26200	45800	19600	65400
20220120	300750	-400	77500	77900	155400
20220120	002812	1700	62000	60300	122300
20220120	000001	85800	103800	18000	121800
20220120	002594	13201	63800	50599	114400
20220120	300059	21800	66400	44600	111000
20220120	000858	22601	62800	40199	103000
20220120	002460	-5000	47800	52800	100600
20220120	002475	14000	55900	41900	97800
20220120	300014	34700	59100	24400	83500
20220120	002714	27200	52900	25700	78600
20220121	999999	43	293	250	\N
20220121	399001	44	347	303	\N
20220121	600519	57300	173900	116600	290500
20220121	600036	109200	150900	41700	192600
20220121	601318	97000	135100	38100	173100
20220121	603259	-39300	59500	98800	158400
20220121	601012	7900	55800	47900	103699
20220121	601888	6300	50500	44200	94600
20220121	600031	-50000	16000	66000	82000
20220121	601615	-10100	34400	44500	78900
20220121	601899	16700	39700	23000	62699
20220121	603501	11500	34900	23400	58300
20220121	000858	119800	168000	48200	216200
20220121	300750	-13099	98100	111199	209300
20220121	300274	35300	81600	46300	127899
20220121	300124	16799	52699	35900	88600
20220121	002812	-7600	39600	47200	86900
20220121	300059	20900	51800	30900	82700
20220121	002460	24500	49400	24900	74200
20220121	300014	7100	38400	31300	69600
20220121	300760	5400	36400	31000	67400
20220121	000001	40400	53900	13500	67400
20220124	999999	21	239	218	\N
20220124	399001	13	292	279	\N
20220124	600036	118700	160100	41400	201500
20220124	600519	37100	106000	68900	174899
20220124	601166	37500	77100	39600	116700
20220124	601012	8600	59800	51200	111000
20220124	600276	-66400	16400	82800	99200
20220124	601318	-3600	46400	50000	96400
20220124	601688	46400	65400	19000	84400
20220124	603259	-32700	24700	57400	82200
20220124	601888	6800	41400	34600	76000
20220124	600009	0	35900	35900	71700
20220124	300750	2099	90399	88300	178800
20220124	300274	-3200	61100	64300	125399
20220124	000858	42500	83000	40500	123600
20220124	002460	-12300	53300	65600	118900
20220124	300059	-32200	43000	75200	118200
20220124	002475	19900	56400	36500	92899
20220124	000661	15900	45400	29500	74900
20220124	002812	-5200	32000	37200	69200
20220124	300014	-23700	20800	44500	65400
20220124	002594	700	32800	32100	65000
20220125	999999	-14	231	245	\N
20220125	399001	-23	301	323	\N
20220125	600519	12900	113600	100700	214300
20220125	601012	8400	54800	46400	101199
20220125	600036	26100	62900	36800	99700
20220125	601318	-36701	25099	61800	86900
20220125	601888	11600	46900	35300	82200
20220125	601166	4200	41100	36900	78000
20220125	601919	-2600	31500	34100	65600
20220125	603501	16700	39600	22900	62600
20220125	600887	-16100	22400	38500	60900
20220125	603986	-3800	27100	30900	58000
20220125	300750	-66000	38400	104400	142800
20220125	002460	-23800	54500	78300	132700
20220125	000858	-21300	48300	69600	117899
20220125	300059	29100	59800	30700	90600
20220125	002594	-8200	40100	48300	88400
20220125	000661	9900	39600	29700	69200
20220125	002475	-15100	25600	40700	66300
20220125	000001	-25700	18700	44400	63099
20220125	002812	-5700	28100	33800	61900
20220125	000651	-200	30500	30700	61200
20220126	999999	-2	222	223	\N
20220126	399001	13	289	276	\N
20220126	600519	-51100	56600	107700	164200
20220126	600036	23500	65000	41500	106600
20220126	600809	25199	60599	35400	96000
20220126	601012	10701	51300	40599	91900
20220126	603259	-21300	32700	54000	86700
20220126	601318	11200	42400	31200	73600
20220126	600406	36068	45500	9432	55000
20220126	600522	-11800	20200	32000	52200
20220126	601166	10000	28900	18900	47800
20220126	603501	9300	28000	18700	46800
20220126	300750	10000	100399	90399	190799
20220126	002594	28200	72400	44200	116500
20220126	300059	-5200	48000	53200	101100
20220126	000858	29200	64300	35100	99400
20220126	002460	12799	55599	42800	98500
20220126	002475	6700	35200	28500	63600
20220126	000661	29200	44600	15400	60000
20220126	300014	-19000	20500	39500	60000
20220126	002371	-5500	26100	31600	57600
20220126	002821	4199	27599	23400	51000
20220127	999999	-78	203	280	\N
20220127	399001	-69	253	322	\N
20220127	600519	-113900	117000	230900	347900
20220127	600030	-26800	63500	90300	153800
20220127	600036	-6200	63500	69700	133100
20220127	601318	-72000	19500	91500	111100
20220127	601012	-36800	32400	69200	101700
20220127	603259	-19800	25200	45000	70200
20220127	601166	-5100	32300	37400	69700
20220127	600522	-44701	11399	56100	67500
20220127	603501	8900	37000	28100	65100
20220127	600809	-17100	18600	35700	54300
20220127	300750	-118200	82400	200600	282900
20220127	000858	-21500	65600	87100	152700
20220127	300274	35400	72100	36700	108800
20220127	000651	-36999	28200	65199	93400
20220127	300124	-36900	26900	63800	90700
20220127	002460	11100	42500	31400	73800
20220127	300059	-10300	30800	41100	71900
20220127	002594	-24499	23600	48099	71600
20220127	002475	4200	37100	32900	70000
20220127	000568	-16300	26600	42900	69500
20220128	999999	-84	221	304	\N
20220128	399001	-42	281	323	\N
20220128	600519	-185600	94200	279800	374000
20220128	600036	-24800	74600	99400	174000
20220128	601012	-34400	68200	102600	170799
20220128	601318	-54500	31600	86100	117700
20220128	600030	2900	59200	56300	115600
20220128	601166	-13400	34100	47500	81600
20220128	601888	-23200	28500	51700	80200
20220128	603501	-8800	35600	44400	80000
20220128	603259	-30700	23000	53700	76700
20220128	600809	-5700	32100	37800	69900
20220128	300750	-53100	153800	206900	360800
20220128	000858	-6600	78100	84700	162800
20220128	002594	-80299	40100	120399	160500
20220128	300274	49000	102000	53000	155100
20220128	300124	-8400	36400	44800	81100
20220128	000568	-14699	33000	47699	80700
20220128	002475	-6100	35700	41800	77500
20220128	000651	13300	41900	28600	70400
20220128	000001	-40000	15000	55000	70000
20220128	002812	4900	35900	31000	66900
20220207	999999	66	298	232	\N
20220207	399001	-11	315	325	\N
20220207	600519	8600	130200	121600	251900
20220207	601318	103500	145300	41800	187000
20220207	601166	42700	99200	56500	155700
20220207	601012	10900	81000	70100	151000
20220207	600036	59300	104600	45300	150000
20220207	603501	-7400	53400	60800	114200
20220207	603259	-19000	32400	51400	83800
20220207	601888	11200	46000	34800	80800
20220207	601899	33900	53900	20000	73900
20220207	600887	7100	36500	29400	65800
20220207	300750	-400	163400	163800	327100
20220207	002594	59500	100200	40700	140900
20220207	000858	-11800	54700	66500	121199
20220207	000001	-30400	39700	70100	109800
20220207	300059	51100	75600	24500	100100
20220207	002475	-7999	45100	53099	98200
20220207	002714	-41300	25200	66500	91700
20220207	002460	-41500	24400	65900	90399
20220207	300274	7800	44000	36200	80100
20220207	002241	12500	40500	28000	68500
20220208	999999	21	266	245	\N
20220208	399001	-30	300	330	\N
20220208	600519	10200	93300	83100	176400
20220208	601318	54600	97000	42400	139300
20220208	601166	32400	74700	42300	117000
20220208	600036	38200	70400	32200	102600
20220208	603259	-45900	16900	62800	79800
20220208	603501	5600	40700	35100	75800
20220208	601012	-2300	31200	33500	64600
20220208	601899	13400	38600	25200	63800
20220208	600111	-20500	20900	41400	62300
20220208	601919	8700	34300	25600	59900
20220208	300750	-90400	121900	212300	334200
20220208	002475	4900	80500	75600	156100
20220208	000858	-25600	53300	78900	132200
20220208	300274	19600	74400	54800	129300
20220208	002594	-29900	36500	66400	102899
20220208	002812	-16000	42300	58300	100600
20220208	000001	21100	59200	38100	97200
20220208	002460	-3000	45700	48700	94300
20220208	300450	8800	50500	41700	92200
20220208	002241	33000	61800	28800	90500
20220209	999999	9	256	246	\N
20220209	399001	-5	288	293	\N
20220209	600519	43900	135700	91800	227500
20220209	603259	-38900	51100	90000	141100
20220209	601318	48600	94100	45500	139500
20220209	601012	-68101	30099	98200	128300
20220209	600036	41500	83400	41900	125300
20220209	601166	12100	58500	46400	104900
20220209	603501	-28900	26900	55800	82700
20220209	601899	31701	51800	20099	71900
20220209	601888	5000	33000	28000	60900
20220209	600887	14900	36400	21500	57900
20220209	300750	-4100	114300	118400	232700
20220209	002812	-23200	44600	67800	112300
20220209	002594	31300	68700	37400	106100
20220209	300274	-10600	46200	56800	103100
20220209	000858	11400	54800	43400	98200
20220209	002475	38000	64500	26500	91000
20220209	002714	6600	39000	32400	71300
20220209	002371	-1100	35100	36200	71300
20220209	300059	8200	39300	31100	70400
20220209	300014	-3800	33000	36800	69900
20220210	999999	52	271	218	\N
20220210	399001	-8	282	290	\N
20220210	601899	92800	127200	34400	161600
20220210	603259	20600	83900	63300	147300
20220210	601318	93900	116000	22100	138100
20220210	601012	-41900	44600	86500	131100
20220210	600519	5100	65400	60300	125700
20220210	601888	-14300	37200	51500	88699
20220210	603501	19100	45400	26300	71700
20220210	601166	17300	44000	26700	70700
20220210	600900	19600	45100	25500	70700
20220210	600036	22700	45400	22700	68100
20220210	300750	20001	264900	244899	509799
20220210	002812	3100	59400	56300	115700
20220210	300274	11000	57800	46800	104600
20220210	002714	16800	58600	41800	100399
20220210	300059	-37000	31700	68700	100399
20220210	002027	9900	44400	34500	78900
20220210	300014	12100	43200	31100	74300
20220210	002821	11600	41800	30200	72000
20220210	002475	28100	49600	21500	71200
20220210	002460	-19200	24600	43800	68400
20220211	999999	23	275	252	\N
20220211	399001	-14	296	309	\N
20220211	601012	-52300	82600	134900	217399
20220211	600519	31100	108500	77400	185900
20220211	601318	12500	88500	76000	164500
20220211	600036	77400	114700	37300	151900
20220211	603259	10600	61300	50700	112000
20220211	601166	40700	73200	32500	105700
20220211	601899	51400	77700	26300	104000
20220211	601888	36400	67900	31500	99400
20220211	600585	42000	64500	22500	86900
20220211	600406	-900	36600	37500	74100
20220211	300750	-123900	181100	305000	486100
20220211	000858	48700	95500	46800	142300
20220211	002460	-28000	43400	71400	114800
20220211	002594	-27500	41400	68900	110300
20220211	300274	14600	59700	45100	104700
20220211	002812	-21800	38500	60300	98800
20220211	002241	47100	72500	25400	97899
20220211	000651	21700	58900	37200	96100
20220211	002475	29300	61800	32500	94300
20220211	000568	-1300	37100	38400	75500
20220214	999999	-14	215	229	\N
20220214	399001	-25	262	287	\N
20220214	601318	-20200	55800	76000	131800
20220214	601012	33100	77700	44600	122200
20220214	601888	58799	90399	31600	122000
20220214	600519	1300	48600	47300	95900
20220214	600036	-3500	44700	48200	92800
20220214	601899	9700	43700	34000	77700
20220214	601166	100	36400	36300	72700
20220214	603259	7400	37900	30500	68300
20220214	601668	-31400	15300	46700	62000
20220214	600809	-7700	25500	33200	58700
20220214	300750	26500	163800	137300	301000
20220214	300059	-56900	98400	155300	253600
20220214	002475	-19100	62800	81900	144700
20220214	300760	-45100	22200	67300	89600
20220214	000651	-2500	42300	44800	87000
20220214	000858	7000	45000	38000	83100
20220214	002812	-31800	21400	53200	74600
20220214	300014	-700	33600	34300	67900
20220214	002460	-11100	28300	39400	67700
20220214	300274	7900	35300	27400	62699
20220215	999999	-11	209	220	\N
20220215	399001	-25	243	267	\N
20220215	600519	-52900	64400	117300	181700
20220215	601318	-72900	31100	104000	135100
20220215	603259	10900	68000	57100	125100
20220215	601166	6000	49600	43600	93200
20220215	600036	-12400	38500	50900	89400
20220215	601012	9700	49400	39700	89100
20220215	603501	4200	43800	39600	83400
20220215	601888	-4500	29900	34400	64300
20220215	603799	3900	31100	27200	58300
20220215	601899	8900	33500	24600	58099
20220215	300750	-18500	102600	121100	223700
20220215	300059	38600	84000	45400	129400
20220215	002475	4400	56700	52300	109000
20220215	300760	-21400	40700	62100	102700
20220215	300274	30700	63900	33200	97100
20220215	002241	4400	44300	39900	84100
20220215	000858	-39600	21400	61000	82400
20220215	002812	-21200	27900	49100	77000
20220215	002594	34100	52900	18800	71700
20220215	300014	-15200	27300	42500	69900
20220216	999999	9	181	172	\N
20220216	399001	-26	197	223	\N
20220216	603259	-3700	56800	60500	117400
20220216	600519	300	48200	47900	96100
20220216	601318	100	37500	37400	74900
20220216	600036	32700	52600	19900	72500
20220216	603501	-8200	29600	37800	67400
20220216	600030	-9300	22700	32000	54700
20220216	601899	15400	34800	19400	54200
20220216	601012	3300	27900	24600	52500
20220216	601888	15600	32200	16600	48900
20220216	601166	2700	25000	22300	47300
20220216	300750	-28300	69700	98000	167800
20220216	300059	-31400	32500	63900	96400
20220216	002475	-4600	39900	44500	84300
20220216	300124	30500	48900	18400	67200
20220216	300760	-21100	20600	41700	62400
20220216	002460	2600	32200	29600	61900
20220216	000858	15900	37100	21200	58200
20220216	002594	5100	30500	25400	55900
20220216	002326	-17200	15600	32800	48400
20220216	002241	-10000	18500	28500	47000
20220217	999999	16	203	186	\N
20220217	399001	0	232	231	\N
20220217	600519	-8700	66700	75400	142100
20220217	601012	7800	52400	44600	97000
20220217	603259	17300	43400	26100	69500
20220217	601166	21300	45100	23800	68900
20220217	603501	-15200	26000	41200	67200
20220217	601318	-1700	31100	32800	63900
20220217	601899	27800	45100	17300	62400
20220217	600036	14100	37400	23300	60700
20220217	600141	-16900	19900	36800	56700
20220217	600900	1900	27500	25600	53099
20220217	300750	4400	88400	84000	172399
20220217	300014	-56800	29300	86100	115399
20220217	002460	34500	73000	38500	111500
20220217	002594	39500	65800	26300	92200
20220217	300274	13200	50000	36800	86800
20220217	000858	20100	53400	33300	86700
20220217	300059	34000	53900	19900	73800
20220217	002241	3700	35800	32100	67900
20220217	002326	-35500	13700	49200	63000
20220217	002475	-1800	28400	30200	58600
20220218	999999	30	198	168	\N
20220218	399001	18	218	200	\N
20220218	600519	1600	67500	65900	133400
20220218	600036	21200	46700	25500	72200
20220218	601318	27400	46500	19100	65600
20220218	603259	9800	35000	25200	60199
20220218	601012	2799	30299	27500	57800
20220218	601166	17600	35200	17600	52800
20220218	600048	23200	36800	13600	50400
20220218	603260	-42409	2790	45199	48000
20220218	601899	-12600	16400	29000	45400
20220218	600887	18000	30700	12700	43500
20220218	300750	35401	85600	50199	135800
20220218	002460	-18200	30700	48900	79600
20220218	300059	25599	48099	22500	70600
20220218	002594	9800	38600	28800	67400
20220218	300014	9000	37200	28200	65400
20220218	000858	25800	42400	16600	59000
20220218	300760	-22600	17200	39800	57000
20220218	300274	299	22799	22500	45300
20220218	000002	17200	31200	14000	45199
20220218	002475	-7100	16700	23800	40500
20220221	999999	-30	150	179	\N
20220221	399001	-7	211	217	\N
20220221	600519	-69600	31100	100700	131800
20220221	600036	3700	27400	23700	51100
20220221	603259	10100	28800	18700	47500
20220221	601318	-8300	17900	26200	44100
20220221	601166	-21599	11000	32599	43600
20220221	601012	-16200	13400	29600	43000
20220221	600887	9200	24500	15300	39900
20220221	601888	10700	25200	14500	39700
20220221	601919	100	17800	17700	35500
20220221	601668	500	17300	16800	34100
20220221	300059	49600	111800	62200	174000
20220221	300750	55101	110300	55199	165500
20220221	000858	-43000	28000	71000	99000
20220221	300274	15500	51300	35800	87000
20220221	002594	-21400	23900	45300	69200
20220221	002821	-42400	11700	54100	65800
20220221	002460	-15800	22700	38500	61200
20220221	000651	1700	31300	29600	60900
20220221	000725	39875	46900	7025	54000
20220221	300760	-3900	20900	24800	45800
20220222	999999	-43	187	230	\N
20220222	399001	-31	225	256	\N
20220222	600519	-161200	80800	242000	322800
20220222	600036	-15899	47200	63099	110300
20220222	601012	-32400	31400	63800	95200
20220222	601318	-49500	16100	65600	81700
20220222	601166	-20500	27300	47800	75100
20220222	600887	10200	38300	28100	66400
20220222	603259	41000	53400	12400	65800
20220222	601899	2100	30900	28800	59700
20220222	603501	18400	37800	19400	57200
20220222	601888	7399	30099	22700	52699
20220222	300750	2700	74500	71800	146300
20220222	002475	-21000	56100	77100	133200
20220222	002460	-12100	43400	55500	98900
20220222	300059	-1100	43400	44500	87899
20220222	000858	-19600	30700	50300	80900
20220222	000651	-23200	27100	50300	77400
20220222	002594	1700	32100	30400	62500
20220222	300124	-18000	22000	40000	62000
20220222	000661	-21800	19600	41400	61100
20220222	300274	9600	34600	25000	59600
20220223	999999	9	211	202	\N
20220223	399001	4	243	238	\N
20220223	600519	-39800	87000	126800	213800
20220223	601012	39200	84700	45500	130200
20220223	603501	3900	44200	40300	84400
20220223	600036	8399	43099	34700	77800
20220223	601166	-22599	25500	48099	73600
20220223	603259	3000	37800	34800	72600
20220223	601318	-47840	8960	56800	65700
20220223	600438	7500	31800	24300	56200
20220223	601899	16400	35700	19300	55000
20220223	600887	-6400	18500	24900	43400
20220223	300750	-16500	62500	79000	141500
20220223	002594	34500	79400	44900	124200
20220223	000858	22800	59400	36600	96000
20220223	002326	-65100	14200	79300	93500
20220223	300059	22700	53300	30600	84000
20220223	300014	-32000	19300	51300	70600
20220223	002475	-9901	30099	40000	70100
20220223	002460	-8200	25400	33600	59000
20220223	300274	9800	33700	23900	57600
20220223	300760	-7900	22700	30600	53300
20220224	999999	-24	269	292	\N
20220224	399001	-11	309	319	\N
20220224	600519	-92500	137100	229600	366599
20220224	601012	-1400	102600	104000	206500
20220224	601899	74800	116600	41800	158400
20220224	601318	-96400	13500	109900	123500
20220224	600036	-10900	52300	63200	115500
20220224	603259	-1299	44300	45599	89900
20220224	601166	17700	45700	28000	73600
20220224	600030	-9500	24100	33600	57699
20220224	601888	7700	32200	24500	56600
20220224	600887	-2600	25700	28300	54000
20220224	300750	6801	99700	92899	192600
20220224	300274	42600	104300	61700	166000
20220224	000858	-35200	53700	88900	142600
20220224	002594	-34100	30700	64800	95500
20220224	300059	24800	58300	33500	91800
20220224	002460	28800	54000	25200	79200
20220224	002326	-32900	21500	54400	75900
20220224	002371	-24700	21500	46200	67700
20220224	300760	-12300	26600	38900	65500
20220224	000568	-15700	22900	38600	61500
20220225	999999	33	264	230	\N
20220225	399001	30	276	245	\N
20220225	600519	27400	153400	126000	279400
20220225	601012	45100	97300	52200	149500
20220225	600036	-31200	39100	70300	109300
20220225	601899	34800	63200	28400	91600
20220225	603259	-2900	40300	43200	83500
20220225	601225	53400	68000	14600	82600
20220225	600010	10900	45900	35000	80900
20220225	601318	-49001	13799	62800	76600
20220225	603501	-5701	30299	36000	66200
20220225	601166	-18300	19000	37300	56300
20220225	300750	33900	136200	102300	238500
20220225	300059	-36300	36300	72600	108800
20220225	002371	-40300	23400	63700	87200
20220225	300274	2700	41000	38300	79300
20220225	000858	22000	47400	25400	72800
20220225	300014	11500	38000	26500	64500
20220225	300760	10400	36900	26500	63400
20220225	002812	-3600	27500	31100	58700
20220225	002241	6900	32400	25500	57900
20220225	002475	-18500	18700	37200	55900
20220228	999999	17	275	258	\N
20220228	399001	3	252	249	\N
20220228	600905	36500	132100	95600	227700
20220228	600519	-9700	79600	89300	168900
20220228	688599	13900	73100	59200	132300
20220228	601012	11000	66100	55100	121300
20220228	601006	-400	49300	49700	99000
20220228	601899	24500	59300	34800	94100
20220228	601318	-44100	19600	63700	83400
20220228	601868	5500	43600	38100	81700
20220228	600884	-7000	35600	42600	78200
20220228	688005	9100	41900	32800	74700
20220228	300750	-14000	72100	86100	158100
20220228	000651	-1600	62400	64000	126400
20220228	300059	-20300	32100	52400	84500
20220228	002812	-6599	34000	40599	74600
20220228	002594	-11600	27900	39500	67400
20220228	300015	-15400	23000	38400	61400
20220228	002460	16900	37900	21000	58800
20220228	000858	4300	30900	26600	57600
20220228	300919	8100	32300	24200	56500
20220228	300760	5200	29800	24600	54300
20220301	999999	28	238	210	\N
20220301	399001	4	245	240	\N
20220301	600519	129900	221500	91600	313100
20220301	601012	71600	143500	71900	215400
20220301	601899	31800	59700	27900	87600
20220301	600887	-18400	30000	48400	78400
20220301	600036	31899	52699	20800	73500
20220301	601318	-16800	25600	42400	68000
20220301	603259	-10000	28800	38800	67600
20220301	601168	9700	30900	21200	52100
20220301	601888	10200	31000	20800	51800
20220301	601166	14500	31800	17300	49200
20220301	300059	-76900	39700	116600	156200
20220301	300750	-2900	75500	78400	154000
20220301	002812	20201	75800	55599	131400
20220301	300274	16200	60400	44200	104600
20220301	002460	43400	62000	18600	80600
20220301	002594	-25400	27000	52400	79400
20220301	002714	5900	37900	32000	69900
20220301	000858	12800	38800	26000	64800
20220301	002129	14399	32599	18200	50800
20220301	002709	-31707	8693	40400	49000
20220302	999999	-5	198	203	\N
20220302	399001	-4	210	214	\N
20220302	600519	2800	73500	70700	144300
20220302	601012	2999	63099	60100	123200
20220302	601899	45500	68900	23400	92300
20220302	600036	-6000	40400	46400	86800
20220302	601838	-25300	21200	46500	67700
20220302	603501	3600	34200	30600	64800
20220302	600406	-2700	31000	33700	64700
20220302	601600	10700	37400	26700	64100
20220302	601318	-35900	13500	49400	63000
20220302	603259	12400	33500	21100	54600
20220302	300750	-24699	63200	87899	151100
20220302	002475	-4700	34300	39000	73200
20220302	000858	-8500	28400	36900	65300
20220302	002812	300	31100	30800	61900
20220302	300274	18600	39000	20400	59400
20220302	002594	-24200	16800	41000	57800
20220302	300059	-31700	12900	44600	57500
20220302	002460	24400	39200	14800	54000
20220302	000001	-27900	12000	39900	51900
20220302	002241	10400	29400	19000	48300
20220303	999999	8	226	218	\N
20220303	399001	-16	216	232	\N
20220303	600519	-59200	39600	98800	138400
20220303	601899	6100	54300	48200	102500
20220303	601012	2400	45700	43300	88900
20220303	601668	42000	65400	23400	88699
20220303	600036	2400	42300	39900	82200
20220303	601888	1199	32599	31400	64000
20220303	601166	-4600	26600	31200	57800
20220303	601600	-5800	25400	31200	56700
20220303	603259	24000	38700	14700	53400
20220303	601919	-2500	25200	27700	52900
20220303	000858	-94800	24300	119100	143500
20220303	300750	-26000	39600	65600	105200
20220303	300274	51200	73700	22500	96199
20220303	300014	22600	56700	34100	90800
20220303	002475	32000	60000	28000	88000
20220303	300059	-27301	27799	55100	82800
20220303	000630	-1700	26900	28600	55500
20220303	002460	-3300	24600	27900	52500
20220303	000807	21100	36500	15400	51900
20220303	000792	11000	27000	16000	42900
20220308	999999	-32	286	318	\N
20220307	999999	-53	258	310	\N
20220304	999999	1	240	238	\N
20220308	399001	-56	302	358	\N
20220307	399001	-30	277	306	\N
20220304	399001	2	266	263	\N
20220304	600519	-93900	66500	160400	226900
20220304	600036	-23100	51100	74200	125300
20220304	601012	33000	63800	30800	94600
20220304	601318	-33600	26400	60000	86400
20220304	603259	38600	53300	14700	68000
20220304	601888	-21900	22900	44800	67600
20220304	601899	-9900	28200	38100	66300
20220304	600900	7200	33300	26100	59400
20220304	600436	-7200	24400	31600	55900
20220304	600887	-9701	22599	32300	54800
20220304	300750	-78200	76100	154300	230400
20220304	000858	-73600	56600	130200	186700
20220304	002594	-93400	37100	130500	167600
20220304	300059	49800	86400	36600	122899
20220304	002812	-29900	33700	63600	97300
20220304	002475	-2399	43200	45599	88699
20220304	300014	-8600	32800	41400	74100
20220304	300760	-600	33300	33900	67200
20220304	002460	26200	45400	19200	64600
20220304	300274	16800	38600	21800	60400
20220307	600519	-69200	101400	170600	272000
20220307	600036	-72400	51200	123600	174800
20220307	601899	32601	90300	57699	148000
20220307	601888	-74500	24000	98500	122600
20220307	601012	2500	59500	57000	116500
20220307	601318	-83400	11000	94400	105399
20220307	600887	-32100	23600	55700	79400
20220307	600900	29600	53300	23700	77000
20220307	601166	-3700	34400	38100	72400
20220307	603501	6600	36800	30200	66900
20220307	300750	-130500	143300	273800	417000
20220307	000858	-93600	81700	175300	257000
20220307	300059	-17900	72900	90800	163700
20220307	300274	54500	85300	30800	116100
20220307	002594	-51000	32100	83100	115200
20220307	002475	19599	52699	33100	85700
20220307	300450	-5000	34900	39900	74800
20220307	002241	16100	39700	23600	63300
20220307	300014	21700	42100	20400	62400
20220307	000568	26200	44200	18000	62200
20220308	600519	-2700	156200	158900	315100
20220308	601012	-600	79300	79900	159200
20220308	601899	61000	107500	46500	154000
20220308	600036	-51400	39500	90900	130399
20220308	601166	-6800	43500	50300	93800
20220308	600900	24900	58600	33700	92300
20220308	601318	-57500	16900	74400	91199
20220308	600887	4300	39300	35000	74300
20220308	603501	-15500	27400	42900	70400
20220308	600030	-12300	26200	38500	64600
20220308	300750	-263100	100600	363700	464300
20220308	000858	12300	90800	78500	169300
20220308	300274	58500	96900	38400	135400
20220308	002460	16300	71600	55300	126900
20220308	002812	-49100	26000	75100	101199
20220308	002594	-3400	46600	50000	96600
20220308	002475	-42500	27000	69500	96500
20220308	300059	-5100	39500	44600	84100
20220308	002241	4800	41000	36200	77200
20220308	300014	500	38500	38000	76400
20220311	999999	-32	248	279	\N
20220310	999999	-12	246	257	\N
20220309	999999	-53	293	346	\N
20220311	399001	-19	287	306	\N
20220310	399001	-23	276	298	\N
20220309	399001	-57	314	371	\N
20220309	600519	-28700	143200	171900	315200
20220309	601012	38601	134000	95399	229500
20220309	600036	-19300	60100	79400	139500
20220309	603259	-3700	56400	60100	116500
20220309	601318	-53100	20800	73900	94700
20220309	601166	1600	46600	45000	91600
20220309	601899	7399	47699	40300	87899
20220309	600406	40500	63000	22500	85500
20220309	600887	-29500	26300	55800	82100
20220309	603501	-42900	19200	62100	81300
20220309	300750	-92900	72600	165500	238000
20220309	000858	13901	94300	80399	174700
20220309	300059	-17500	64800	82300	147200
20220309	002460	7300	68200	60900	129100
20220309	300760	-40200	39000	79200	118200
20220309	000001	-54800	24800	79600	104400
20220309	300274	11300	52000	40700	92800
20220309	002812	-35600	28000	63600	91700
20220309	002594	-9500	37400	46900	84300
20220309	002475	-24200	29700	53900	83500
20220310	600519	18100	115100	97000	212100
20220310	601012	30900	109100	78200	187300
20220310	600036	-8000	56800	64800	121700
20220310	603259	-2900	44900	47800	92700
20220310	600438	18900	45500	26600	72200
20220310	600406	33200	51800	18600	70400
20220310	601899	7400	37600	30200	67800
20220310	601166	9000	37100	28100	65100
20220310	600809	15601	38200	22599	60800
20220310	601318	-20100	15700	35800	51500
20220310	300750	27100	127400	100300	227700
20220310	000858	7400	80600	73200	153900
20220310	300059	29000	74300	45300	119500
20220310	000001	-16000	42300	58300	100600
20220310	002812	-25401	32599	58000	90500
20220310	002475	-26300	28600	54900	83400
20220310	002594	-1600	39700	41300	81000
20220310	300014	-33600	22700	56300	78900
20220310	002371	-28500	24800	53300	78100
20220310	300274	17700	46300	28600	74900
20220311	600519	-84800	93400	178200	271600
20220311	601012	1500	87100	85600	172700
20220311	600036	-14500	50900	65400	116300
20220311	600887	5600	56100	50500	106600
20220311	603259	-50300	21400	71700	93100
20220311	600309	-26300	29000	55300	84300
20220311	601899	9100	38900	29800	68700
20220311	600030	-16699	23900	40599	64600
20220311	600406	11300	35200	23900	59000
20220311	601919	-2000	26200	28200	54500
20220311	300059	-47700	82200	129900	212100
20220311	300750	-34000	78800	112800	191600
20220311	000858	-13401	45599	59000	104600
20220311	300760	-46900	24400	71300	95700
20220311	002371	-57000	18900	75900	94800
20220311	002594	-3900	41500	45400	86900
20220311	002241	-3300	37400	40700	78100
20220311	002812	-10600	33600	44200	77700
20220311	002475	23000	49600	26600	76200
20220311	000661	-13300	30900	44200	75100
20220314	999999	-73	211	283	\N
20220314	399001	-72	239	310	\N
20220314	600519	-155600	73200	228800	302000
20220314	600036	-7000	87000	94000	181000
20220314	601888	-80101	30099	110200	140300
20220314	601012	-35000	36700	71700	108400
20220314	603259	-10800	34300	45100	79400
20220314	601899	-25300	25600	50900	76500
20220314	600887	-36400	19300	55700	75000
20220314	603501	-13100	29400	42500	71900
20220314	600309	-30200	18600	48800	67400
20220314	601318	-8700	22100	30800	52900
20220314	300750	-43600	86000	129600	215600
20220314	300059	-66700	57900	124600	182500
20220314	300760	-17300	50000	67300	117300
20220314	002812	-40600	28600	69200	97800
20220314	002714	20900	49800	28900	78700
20220314	000858	-26300	24700	51000	75700
20220314	000568	-13300	27200	40500	67700
20220314	002460	-22300	22500	44800	67300
20220314	002475	28800	47900	19100	67000
20220314	000799	-14500	21200	35700	56900
20220315	999999	-89	265	353	\N
20220315	399001	-72	313	384	\N
20220315	600519	-270700	136500	407200	543700
20220315	600036	7600	89200	81600	170700
20220315	601012	-2700	66900	69600	136600
20220315	603259	-33300	39700	73000	112700
20220315	601318	-59800	24500	84300	108800
20220315	603501	-500	44800	45300	90000
20220315	600309	-50000	17100	67100	84200
20220315	601888	-800	41700	42500	84200
20220315	601899	-25300	28900	54200	83200
20220315	600887	-21800	30200	52000	82200
20220315	300750	-106100	122500	228600	351100
20220315	300059	-125300	88200	213500	301700
20220315	000858	-56500	53300	109800	163100
20220315	002812	-67000	32500	99500	132000
20220315	002460	-12900	46100	59000	105100
20220315	300015	-6800	48900	55700	104600
20220315	002475	-33500	32200	65700	97899
20220315	000333	4600	40300	35700	76100
20220315	002027	-10199	32900	43099	75900
20220315	300760	-3900	35500	39400	74800
20220316	999999	0	323	323	\N
20220316	399001	-1	355	356	\N
20220316	600519	-39100	205400	244500	449900
20220316	600036	2901	111600	108699	220400
20220316	601012	-22600	72700	95300	167900
20220316	603259	-18400	48000	66400	114400
20220316	600406	3200	54300	51100	105399
20220316	600030	-18800	39900	58700	98600
20220316	603501	1300	49900	48600	98500
20220316	600887	-15000	34800	49800	84600
20220316	601318	9000	45400	36400	81900
20220316	600900	-14100	32900	47000	79800
20220316	300750	-31300	139700	171000	310800
20220316	300059	-62100	85000	147100	232100
20220316	000858	-8599	74300	82899	157200
20220316	300015	-35000	52500	87500	140000
20220316	002475	26000	77300	51300	128600
20220316	000333	98100	112300	14200	126500
20220316	002812	-74400	24200	98600	122800
20220316	300274	-41700	33600	75300	108900
20220316	002594	11100	55500	44400	99900
20220316	300014	-19300	35100	54400	89500
20220317	999999	4	321	316	\N
20220317	399001	48	386	338	\N
20220317	600519	-5600	280000	285600	565600
20220317	600036	17600	130100	112500	242700
20220317	601318	-9600	85600	95200	180799
20220317	603259	3400	78000	74600	152700
20220317	601012	-14300	66200	80500	146700
20220317	601888	22900	62800	39900	102700
20220317	600276	-25700	37200	62900	100100
20220317	600887	-30400	32900	63300	96300
20220317	603501	-8900	40400	49300	89700
20220317	600031	50500	68800	18300	87100
20220317	300750	111700	275100	163400	438600
20220317	300059	143400	279700	136300	416000
20220317	000858	-25401	82899	108300	191200
20220317	000333	83800	107000	23200	130200
20220317	300015	-8000	56700	64700	121400
20220317	002594	2000	57000	55000	112000
20220317	002812	-8900	50500	59400	109900
20220317	300014	1200	51600	50400	102000
20220317	002241	-17600	38800	56400	95200
20220317	002460	-22400	35600	58000	93600
20220318	999999	82	439	356	\N
20220318	399001	1	335	333	\N
20220318	600519	-55200	142700	197900	340600
20220318	600036	120099	199899	79800	279700
20220318	600900	21300	147400	126100	273600
20220318	601318	49300	153800	104500	258299
20220318	603288	3100	126600	123500	250100
20220318	603259	8900	120600	111700	232300
20220318	600030	58200	112400	54200	166600
20220318	601166	18300	81300	63000	144300
20220318	601668	-26100	58700	84800	143500
20220318	601012	52700	96300	43600	139900
20220318	300750	-77799	152100	229899	382000
20220318	002352	-3400	91000	94400	185400
20220318	300760	-3500	88100	91600	179600
20220318	300059	5200	83600	78400	162000
20220318	002142	-16200	59200	75400	134600
20220318	000333	37800	81900	44100	126000
20220318	000858	5000	56900	51900	108800
20220318	002594	-14100	39800	53900	93699
20220318	300122	10500	51700	41200	92899
20220318	000651	-28200	31700	59900	91600
20220322	999999	-4	184	188	\N
20220321	999999	-50	197	247	\N
20220322	399001	-6	215	221	\N
20220321	399001	-35	233	267	\N
20220321	600519	-32600	87100	119700	206700
20220321	600036	7300	71900	64600	136500
20220321	601318	-20901	50599	71500	122100
20220321	601012	10600	59300	48700	108000
20220321	600887	-20900	20900	41800	62800
20220321	601166	5300	33500	28200	61800
20220321	600309	3900	31800	27900	59700
20220321	603259	-20500	19300	39800	59100
20220321	600030	-13400	21100	34500	55599
20220321	603501	-20200	16600	36800	53400
20220321	300750	-11100	106900	118000	224899
20220321	300059	-13600	43600	57200	100700
20220321	002594	9500	51100	41600	92700
20220321	000858	-35300	27900	63200	91100
20220321	002460	16400	39900	23500	63400
20220321	002475	-22900	19000	41900	60900
20220321	000333	20700	38700	18000	56700
20220321	002352	7100	31400	24300	55800
20220321	000002	-26800	12300	39100	51400
20220321	300014	-5000	22900	27900	50900
20220322	600519	-11600	59100	70700	129800
20220322	600036	28300	65700	37400	103100
20220322	601318	-32400	31800	64200	96100
20220322	601012	-16300	27000	43300	70300
20220322	601899	18900	40000	21100	61100
20220322	601166	8200	34300	26100	60400
20220322	603259	-100	24900	25000	49900
20220322	600196	10500	29900	19400	49200
20220322	601607	15400	28500	13100	41600
20220322	601888	600	19500	18900	38400
20220322	300750	18301	99500	81199	180700
20220322	300059	-17200	23100	40300	63400
20220322	002326	-9800	25500	35300	60800
20220322	002594	-9300	25600	34900	60500
20220322	000858	-3300	25500	28800	54300
20220322	002460	-7399	22900	30299	53099
20220322	002352	4700	28600	23900	52400
20220322	000002	1200	25800	24600	50400
20220322	002812	-2500	21900	24400	46300
20220322	300274	15799	30299	14500	44800
20220323	999999	-15	197	211	\N
20220323	399001	12	216	203	\N
20220323	600519	-127900	85900	213800	299700
20220323	603259	46400	84200	37800	122000
20220323	600036	35900	72900	37000	109900
20220323	601668	-15300	32000	47300	79300
20220323	601166	-16300	29500	45800	75300
20220323	601012	2900	34900	32000	66900
20220323	600406	28600	47000	18400	65300
20220323	601318	-17800	21400	39200	60599
20220323	603501	-18400	20200	38600	58800
20220323	600048	6000	30400	24400	54800
20220323	300750	23601	76300	52699	129100
20220323	000858	6700	46300	39600	85900
20220323	300059	26900	54100	27200	81300
20220323	300347	21300	41900	20600	62500
20220323	002594	-15200	23400	38600	62100
20220323	300274	34100	46300	12200	58400
20220323	000002	-11900	20500	32400	53000
20220323	002460	-10400	18700	29100	47800
20220323	300760	3300	25400	22100	47500
20220323	002812	19700	33100	13400	46500
20220324	999999	12	187	175	\N
20220324	399001	-14	197	210	\N
20220324	603259	14200	76300	62100	138400
20220324	600519	-10600	63800	74400	138200
20220324	601012	4400	39400	35000	74400
20220324	601899	38399	55599	17200	72900
20220324	600887	6800	32200	25400	57600
20220324	601166	16300	36900	20600	57500
20220324	600036	22300	39800	17500	57300
20220324	600809	-25000	15100	40100	55199
20220324	600900	-28400	10700	39100	49800
20220324	603501	12500	27000	14500	41500
20220324	300750	-6300	36700	43000	79700
20220324	000858	-22800	28400	51200	79600
20220324	300059	-26600	24200	50800	75000
20220324	000063	-32199	15500	47699	63200
20220324	300347	-6700	21700	28400	50100
20220324	002594	2700	26100	23400	49500
20220324	300760	9700	29000	19300	48300
20220324	300015	-10800	18600	29400	47900
20220324	300014	22200	34400	12200	46600
20220324	002460	12300	28200	15900	44100
20220325	999999	-8	175	183	\N
20220325	399001	-24	199	223	\N
20220325	603259	15500	80300	64800	145200
20220325	600519	-63000	26900	89900	116800
20220325	601012	-7100	30900	38000	68900
20220325	601166	13700	40800	27100	67900
20220325	600036	-5400	26100	31500	57600
20220325	601607	-600	27300	27900	55100
20220325	601899	18600	36600	18000	54600
20220325	601668	14900	32700	17800	50500
20220325	600276	-14900	16200	31100	47300
20220325	600809	4400	25400	21000	46400
20220325	300750	-1700	69900	71600	141500
20220325	000858	-31699	28900	60599	89500
20220325	002594	15900	48900	33000	81800
20220325	300059	-26900	20500	47400	67900
20220325	002812	-5300	26400	31700	58099
20220325	002460	-19300	19000	38300	57300
20220325	300760	-4500	24800	29300	54000
20220325	000651	-19700	15800	35500	51300
20220325	300014	-6100	22200	28300	50400
20220325	002326	6200	26400	20200	46600
20220328	999999	28	211	182	\N
20220328	399001	21	224	202	\N
20220328	600519	-38200	109500	147700	257200
20220328	600036	3900	39600	35700	75300
20220328	601012	34201	54500	20299	74800
20220328	600438	41999	55199	13200	68400
20220328	603259	12100	38700	26600	65300
20220328	601888	-4000	28700	32700	61400
20220328	600745	-10401	25099	35500	60599
20220328	601899	18400	36500	18100	54600
20220328	601668	7600	28600	21000	49700
20220328	600141	-20801	13799	34600	48500
20220328	300750	15100	81400	66300	147600
20220328	000858	-17200	50700	67900	118699
20220328	300059	-2900	34600	37500	72100
20220328	000568	8100	32900	24800	57699
20220328	002241	-5400	25200	30600	55800
20220328	002460	4000	28300	24300	52600
20220328	002594	12300	30400	18100	48500
20220328	002475	10100	28500	18400	46900
20220328	300014	14000	28600	14600	43200
20220328	002812	12000	27400	15400	42800
20220329	999999	0	177	176	\N
20220329	399001	-5	213	217	\N
20220329	600519	12700	59800	47100	106900
20220329	601012	13600	55000	41400	96400
20220329	600036	1800	39600	37800	77500
20220329	600196	6900	28800	21900	50700
20220329	603259	-9000	18900	27900	46900
20220329	601899	-200	20900	21100	42000
20220329	600745	24786	33100	8314	41400
20220329	600893	-2800	19000	21800	40700
20220329	600406	-100	19800	19900	39800
20220329	600141	14800	27200	12400	39700
20220329	300750	115000	154300	39300	193600
20220329	002475	22801	70900	48099	118900
20220329	002241	-5500	54800	60300	115000
20220329	000858	-34000	37900	71900	109800
20220329	300274	10700	32000	21300	53300
20220329	002594	-3100	23200	26300	49500
20220329	300059	16100	29000	12900	41900
20220329	002714	8800	24300	15500	39800
20220329	002352	-13400	12400	25800	38200
20220329	002460	4100	21000	16900	37900
20220330	999999	63	248	185	\N
20220330	399001	63	268	205	\N
20220330	600519	91700	160000	68300	228400
20220330	600036	9800	65800	56000	121800
20220330	601012	22400	58000	35600	93600
20220330	601888	16500	46500	30000	76500
20220330	600030	7000	37000	30000	67000
20220330	601166	9500	35600	26100	61700
20220330	603259	7700	34500	26800	61200
20220330	600406	26000	41900	15900	57800
20220330	601899	21400	37900	16500	54400
20220330	601318	24200	36300	12100	48400
20220330	300059	50000	116500	66500	183000
20220330	300750	27200	100200	73000	173100
20220330	002594	-4400	49200	53600	102700
20220330	002241	20400	60700	40300	101000
20220330	000858	60600	78600	18000	96600
20220330	002475	54000	71400	17400	88800
20220330	002812	40100	56200	16100	72300
20220330	002460	36600	52500	15900	68400
20220330	300347	11600	34500	22900	57400
20220330	300015	-18700	18400	37100	55500
20220331	999999	17	219	201	\N
20220331	399001	-7	222	228	\N
20220331	600036	-32499	52900	85399	138300
20220331	601012	-11500	56400	67900	124300
20220331	600519	65600	94600	29000	123600
20220331	603259	-2400	38800	41200	79900
20220331	601166	-10400	23100	33500	56600
20220331	603501	-1799	26000	27799	53800
20220331	601668	14800	33200	18400	51600
20220331	601888	8101	28200	20099	48300
20220331	601919	-14200	16600	30800	47400
20220331	601899	12500	29900	17400	47300
20220331	300750	-4600	74900	79500	154400
20220331	300059	33700	63700	30000	93699
20220331	000002	12299	45199	32900	78100
20220331	000858	5800	40800	35000	75900
20220331	002460	-7200	29500	36700	66200
20220331	300274	-4000	31100	35100	66200
20220331	300015	-35800	12200	48000	60199
20220331	002812	21300	39800	18500	58300
20220331	002594	-9900	24200	34100	58300
20220331	002352	-11800	21100	32900	54000
20220401	999999	16	228	211	\N
20220401	399001	27	228	200	\N
20220401	600519	27101	125000	97899	222900
20220401	601888	-36700	34600	71300	105900
20220401	601012	38200	70300	32100	102400
20220401	601919	71900	86500	14600	101100
20220401	600036	-22000	36600	58600	95200
20220401	600309	-20800	29900	50700	80500
20220401	601166	-14999	30600	45599	76100
20220401	603259	3300	37000	33700	70800
20220401	601668	46199	58099	11900	70000
20220401	601318	300	28700	28400	57100
20220401	300750	12400	69700	57300	127100
20220401	000858	29100	68100	39000	107100
20220401	300059	-400	53000	53400	106400
20220401	002594	34200	52500	18300	70800
20220401	002475	-16200	21000	37200	58099
20220401	300274	5900	31100	25200	56200
20220401	002352	7500	30900	23400	54200
20220401	000002	-2600	24500	27100	51600
20220401	000333	-3900	22500	26400	48900
20220401	002241	-19900	14200	34100	48300
20220406	999999	-26	223	248	\N
20220406	399001	-29	218	246	\N
20220406	600519	-21500	90700	112200	202900
20220406	601012	-31400	49200	80600	129800
20220406	601668	15300	58700	43400	102100
20220406	600036	-28700	33400	62100	95500
20220406	601919	-42800	23000	65800	88800
20220406	601888	-37900	23600	61500	85100
20220406	601318	14600	39100	24500	63600
20220406	601166	-14200	24000	38200	62200
20220406	603259	10200	35200	25000	60300
20220406	601899	9500	32400	22900	55199
20220406	300750	-19400	52900	72300	125200
20220406	000002	-2100	43400	45500	89000
20220406	002475	-26100	30800	56900	87700
20220406	000001	2500	39800	37300	77100
20220406	002594	600	38100	37500	75700
20220406	000858	-9500	30900	40400	71300
20220406	002460	-22700	19600	42300	61900
20220406	002714	-29400	15300	44700	60000
20220406	300059	-24700	15800	40500	56400
20220406	300274	31256	40800	9544	50300
20220407	999999	6	218	211	\N
20220407	399001	-13	222	235	\N
20220407	600519	20500	94900	74400	169200
20220407	601668	20000	59200	39200	98400
20220407	600036	9100	50800	41700	92600
20220407	601012	-12999	34700	47699	82400
20220407	600585	10500	35300	24800	60100
20220407	601658	11500	32800	21300	54000
20220407	601318	13500	31600	18100	49700
20220407	601166	19400	34300	14900	49100
20220407	601888	8701	28800	20099	48900
20220407	600690	-17900	15200	33100	48200
20220407	300750	40100	85100	45000	130100
20220407	300059	-14000	40400	54400	94700
20220407	000858	-5500	44000	49500	93500
20220407	000001	23500	46500	23000	69500
20220407	000002	23800	46300	22500	68800
20220407	002714	-10200	23000	33200	56100
20220407	002594	-400	26400	26800	53200
20220407	000932	-7700	22100	29800	51900
20220407	002460	-10600	19000	29600	48600
20220407	300014	-3799	21300	25099	46400
20220408	999999	10	213	202	\N
20220408	399001	-17	210	227	\N
20220408	600519	62600	91300	28700	120000
20220408	601668	20800	56000	35200	91199
20220408	600276	-58900	15500	74400	90000
20220408	600036	4300	46500	42200	88699
20220408	601899	-14600	28600	43200	71800
20220408	601012	-4300	30200	34500	64700
20220408	600309	18900	35500	16600	52100
20220408	601318	1500	26300	24800	51100
20220408	600031	7300	28100	20800	48900
20220408	601888	-13100	17100	30200	47300
20220408	300750	4600	56700	52100	108800
20220408	300059	13400	54400	41000	95399
20220408	002594	-32200	22900	55100	78000
20220408	002460	-46599	13600	60199	73800
20220408	000001	24200	47400	23200	70600
20220408	000858	-13700	23800	37500	61400
20220408	000002	-14200	22300	36500	58800
20220408	002475	12900	35000	22100	57100
20220408	300274	27700	39600	11900	51500
20220408	000932	-10400	16800	27200	44000
20220412	999999	42	273	231	\N
20220411	999999	-31	216	246	\N
20220412	399001	49	276	227	\N
20220411	399001	-28	234	261	\N
20220411	600519	-19000	86700	105700	192399
20220411	601012	5100	54100	49000	103100
20220411	601668	8800	53000	44200	97300
20220411	600036	-4300	42100	46400	88500
20220411	600276	-39699	18000	57699	75700
20220411	600031	-26300	23100	49400	72400
20220411	603501	19000	41300	22300	63500
20220411	601888	-11300	25200	36500	61700
20220411	601899	-3601	27599	31200	58800
20220411	603259	-3600	27200	30800	58000
20220411	300750	24100	117700	93600	211300
20220411	000858	-46300	43800	90100	133900
20220411	002594	-27300	29500	56800	86300
20220411	300059	-35001	20099	55100	75200
20220411	002475	24500	48000	23500	71600
20220411	002460	-11800	29800	41600	71400
20220411	000001	15100	42600	27500	70000
20220411	000333	30000	49100	19100	68200
20220411	300274	7000	36400	29400	65800
20220411	002812	-8700	27100	35800	62900
20220412	600519	41700	138200	96500	234700
20220412	600036	-67100	51900	119000	170900
20220412	600276	-29100	25700	54800	80500
20220412	601012	2700	37600	34900	72400
20220412	603259	-5700	32400	38100	70500
20220412	601668	27500	48600	21100	69600
20220412	600809	29100	46800	17700	64600
20220412	601888	2500	31800	29300	61100
20220412	600900	14100	36600	22500	59100
20220412	600030	-12700	22000	34700	56700
20220412	300750	1600	73700	72100	145800
20220412	000858	24500	78600	54100	132700
20220412	300059	2599	60199	57600	117800
20220412	000002	46500	68100	21600	89700
20220412	002352	11500	45000	33500	78500
20220412	002475	199	32599	32400	65000
20220412	300760	12200	38500	26300	64800
20220412	300274	29400	46900	17500	64400
20220412	000568	-3099	29500	32599	62100
20220412	002594	4700	31700	27000	58700
20220413	999999	3	228	224	\N
20220413	399001	-9	221	230	\N
20220413	600519	39400	119000	79600	198600
20220413	600036	28900	81300	52400	133700
20220413	601899	33900	75800	41900	117700
20220413	601012	-33200	29100	62300	91300
20220413	601888	6500	43400	36900	80300
20220413	601668	14000	37900	23900	61800
20220413	603259	-1600	28800	30400	59300
20220413	600887	-7000	25200	32200	57400
20220413	601166	-3500	25000	28500	53600
20220413	600809	4699	27599	22900	50500
20220413	300750	28300	79100	50800	130000
20220413	000858	-27300	32200	59500	91700
20220413	300059	-16100	36500	52600	89100
20220413	000568	5400	45500	40100	85600
20220413	300274	-900	38500	39400	77900
20220413	002352	9800	40000	30200	70200
20220413	000002	3600	35100	31500	66600
20220413	300760	11700	38300	26600	65000
20220413	002475	-2900	30400	33300	63800
20220413	002460	11900	37500	25600	63200
20220419	999999	-23	264	287	\N
20220419	399001	3	260	257	\N
20220419	600036	-130800	117100	247900	365000
20220419	600519	72900	162800	89900	252700
20220419	603501	-56601	40599	97200	137800
20220419	601888	300	62300	62000	124400
20220419	601899	11700	62900	51200	114100
20220419	601012	-20800	42100	62900	105100
20220419	601668	23800	52100	28300	80399
20220419	600900	17900	48900	31000	79900
20220419	600048	-900	33900	34800	68700
20220419	601318	-15900	24100	40000	64100
20220419	300750	38000	138100	100100	238200
20220419	000858	-41800	51000	92800	143700
20220419	300059	-33600	49000	82600	131600
20220419	002714	27600	59200	31600	90800
20220419	002594	42500	66200	23700	89900
20220419	002475	-40999	16700	57699	74400
20220419	300274	16400	45100	28700	73800
20220419	000002	-800	31100	31900	63000
20220419	002603	-22300	17700	40000	57699
20220419	300124	6601	31900	25299	57200
20220420	999999	-33	212	245	\N
20220420	399001	-21	239	259	\N
20220420	600036	-98199	80100	178299	258299
20220420	600519	53700	105000	51300	156200
20220420	601318	-29400	26500	55900	82500
20220420	601012	-16400	32200	48600	80900
20220420	601899	10200	44900	34700	79500
20220420	601668	5000	40100	35100	75200
20220420	600887	29000	49600	20600	70300
20220420	600048	-25400	21700	47100	68700
20220420	600276	25800	45500	19700	65199
20220420	603501	-2200	28500	30700	59200
20220420	300750	36200	176000	139800	315800
20220420	300059	-81800	27300	109100	136400
20220420	300274	-45900	44700	90600	135200
20220420	000858	11600	56100	44500	100600
20220420	300760	-12900	38900	51800	90800
20220420	002812	10800	49600	38800	88400
20220420	000002	7000	45700	38700	84400
20220420	002594	-9700	33200	42900	76100
20220420	002714	13000	39300	26300	65600
20220420	002475	-8800	18600	27400	46000
20220421	999999	6	238	231	\N
20220421	399001	2	255	252	\N
20220421	600519	-18500	111800	130300	242100
20220421	600036	-7900	91300	99200	190500
20220421	601012	-8800	63600	72400	136000
20220421	601166	16800	56200	39400	95600
20220421	600900	17000	50100	33100	83200
20220421	603259	21100	49300	28200	77500
20220421	601318	23800	43800	20000	63800
20220421	601899	11500	37600	26100	63700
20220421	600887	-6500	28000	34500	62500
20220421	601888	15700	36700	21000	57699
20220421	300750	63200	152600	89400	242000
20220421	300274	-62200	56800	119000	175799
20220421	002594	-26100	32900	59000	91900
20220421	002475	6600	48400	41800	90300
20220421	002812	8801	49000	40199	89200
20220421	000858	-1800	37700	39500	77200
20220421	300059	-8600	30200	38800	69000
20220421	002714	2900	31400	28500	59900
20220421	000333	-10199	22400	32599	55000
20220421	300760	-9001	22599	31600	54200
20220422	999999	36	265	228	\N
20220422	399001	31	272	241	\N
20220422	600900	36800	155900	119100	275000
20220422	600519	61700	140100	78400	218500
20220422	601012	6500	90800	84300	175100
20220422	600036	-27500	69000	96500	165500
20220422	601899	-33500	23400	56900	80300
20220422	601668	-1800	34900	36700	71500
20220422	600887	-22400	21500	43900	65500
20220422	603259	-7400	28900	36300	65199
20220422	601318	10900	32300	21400	53700
20220422	601888	-13500	18800	32300	51100
20220422	300750	62400	201000	138600	339500
20220422	300274	12101	59800	47699	107500
20220422	000858	-6599	48600	55199	103900
20220422	002475	-6300	35100	41400	76500
20220422	002129	7600	38900	31300	70200
20220422	300059	7000	36800	29800	66600
20220422	002714	-19001	22599	41600	64200
20220422	002460	-7600	28000	35600	63700
20220422	002594	7400	34200	26800	61100
20220422	002812	18400	39700	21300	61000
20220425	999999	-49	259	308	\N
20220425	399001	4	289	284	\N
20220425	600036	-241300	59300	300600	359900
20220425	600519	-27100	163500	190600	354099
20220425	601166	6100	61200	55100	116400
20220425	600276	-57201	20299	77500	97800
20220425	601888	-17000	38300	55300	93600
20220425	601012	1900	46400	44500	90900
20220425	601318	-6601	40599	47200	87800
20220425	601899	-14200	32500	46700	79200
20220425	600900	300	37100	36800	73900
20220425	601668	-7600	31600	39200	70700
20220425	300750	-28000	107500	135500	242900
20220425	000858	-72201	50599	122800	173400
20220425	300059	-5900	53400	59300	112700
20220425	002812	43201	73300	30099	103400
20220425	300274	12500	50700	38200	89000
20220425	002594	-11301	32599	43900	76500
20220425	002475	-3600	36300	39900	76200
20220425	002241	-100	38000	38100	76100
20220425	002460	26400	50400	24000	74400
20220425	002714	-28301	22599	50900	73400
20220426	999999	-3	279	282	\N
20220426	399001	18	294	276	\N
20220426	600519	41100	168500	127400	295900
20220426	600036	-66500	79200	145700	224800
20220426	600276	-60100	26400	86500	112899
20220426	601012	-5800	48200	54000	102200
20220426	601888	-23900	33400	57300	90700
20220426	603259	8300	47300	39000	86300
20220426	601668	-8100	39100	47200	86300
20220426	601318	-27800	29200	57000	86199
20220426	601166	24100	54300	30200	84500
20220426	601899	-14900	29400	44300	73700
20220426	300750	-34201	105399	139600	245000
20220426	000858	36100	86400	50300	136800
20220426	300059	30100	81900	51800	133800
20220426	002594	25500	60100	34600	94700
20220426	300274	-5900	37500	43400	80900
20220426	002460	9000	40500	31500	72000
20220426	000333	-400	34600	35000	69600
20220426	002475	-2800	33300	36100	69300
20220426	300760	7600	37800	30200	68000
20220426	002714	-15100	23500	38600	62100
20220429	999999	2	295	293	\N
20220428	999999	4	265	260	\N
20220427	999999	-2	298	300	\N
20220429	399001	40	349	308	\N
20220428	399001	-11	288	299	\N
20220427	399001	44	342	297	\N
20220427	600519	91900	227900	136000	363900
20220427	600036	-55600	97300	152900	250300
20220427	601012	6199	60599	54400	114900
20220427	601668	-39000	34200	73200	107400
20220427	601899	-16700	42900	59600	102500
20220427	601888	-4200	38300	42500	80800
20220427	601166	-4900	37100	42000	79100
20220427	600276	-8000	32000	40000	72100
20220427	601318	-9800	30700	40500	71200
20220427	603259	-27900	20400	48300	68700
20220427	300750	20900	156600	135700	292200
20220427	300059	14000	71200	57200	128400
20220427	000858	100	61800	61700	123400
20220427	002594	-6200	41800	48000	89800
20220427	300274	-22500	33300	55800	89100
20220427	000001	30500	55500	25000	80399
20220427	000002	-2000	37100	39100	76200
20220427	300014	9500	39900	30400	70300
20220427	002812	-3200	32900	36100	69000
20220427	000333	30000	49200	19200	68400
20220428	600519	37700	155300	117600	272900
20220428	600036	43900	115600	71700	187300
20220428	601012	37700	95399	57699	153100
20220428	600887	9300	52500	43200	95600
20220428	601668	-15000	34100	49100	83200
20220428	601318	0	37700	37700	75400
20220428	601166	2700	37000	34300	71300
20220428	601888	-500	31300	31800	63099
20220428	600276	10400	36500	26100	62500
20220428	600031	35800	48500	12700	61200
20220428	300750	27700	129600	101900	231500
20220428	002241	24700	88600	63900	152500
20220428	000858	27200	74500	47300	121800
20220428	002460	7000	57400	50400	107800
20220428	300124	51200	70200	19000	89200
20220428	300014	-400	43400	43800	87200
20220428	002812	12000	48500	36500	85000
20220428	002475	-26699	26400	53099	79500
20220428	000002	25600	51600	26000	77600
20220428	300274	9400	42600	33200	75900
20220429	600519	66800	179200	112400	291500
20220429	601012	15900	75800	59900	135700
20220429	600036	-49300	42300	91600	133800
20220429	601166	-38000	28500	66500	95000
20220429	601899	-9800	37300	47100	84300
20220429	600030	2000	41500	39500	81000
20220429	601668	-26000	26600	52600	79200
20220429	600809	5200	41500	36300	77800
20220429	600406	22800	48400	25600	74000
20220429	600887	-12100	30500	42600	73000
20220429	300750	-400	130200	130600	260900
20220429	000333	90100	141100	51000	192100
20220429	000858	-44800	71700	116500	188299
20220429	300059	9200	74000	64800	138900
20220429	002594	35300	74900	39600	114500
20220429	002475	-30100	39500	69600	109100
20220429	002812	3200	54600	51400	105900
20220429	002241	-19900	40900	60800	101700
20220429	002460	-5700	43000	48700	91800
20220429	000568	-300	45000	45300	90300
20220505	999999	0	257	256	\N
20220505	399001	-25	294	318	\N
20220505	600519	81800	162700	80900	243600
20220505	600887	54300	85100	30800	115900
20220505	600036	-14100	43800	57900	101700
20220505	601012	-4699	40900	45599	86500
20220505	601668	-29799	25400	55199	80600
20220505	601919	22300	46000	23700	69800
20220505	603259	-17100	25900	43000	69000
20220505	600309	20500	43700	23200	66900
20220505	600406	31800	48800	17000	65800
20220505	601899	-24900	18700	43600	62300
20220505	300750	-370800	224700	595500	820200
20220505	000651	90300	114000	23700	137600
20220505	300059	-15100	53300	68400	121800
20220505	000858	-101	60199	60300	120500
20220505	002594	21800	62600	40800	103300
20220505	000333	33300	65700	32400	98100
20220505	000002	-23300	31500	54800	86300
20220505	000568	16800	47800	31000	78800
20220505	300274	23300	50100	26800	77000
20220505	002304	29900	52200	22300	74600
20220510	999999	-31	283	313	\N
20220510	399001	-59	299	357	\N
20220510	600519	-200300	95800	296100	391900
20220510	600036	15500	80900	65400	146300
20220510	600887	41900	78300	36400	114800
20220510	601012	-6100	54300	60400	114600
20220510	601899	-42900	31800	74700	106500
20220510	600406	-23100	38900	62000	100900
20220510	601668	9700	49200	39500	88699
20220510	601318	-5900	36900	42800	79700
20220510	603501	9800	39100	29300	68400
20220510	601166	10500	37800	27300	65100
20220510	300750	-92400	113300	205700	319000
20220510	002241	-7800	75400	83200	158600
20220510	002812	12900	77100	64200	141300
20220510	002594	-53500	38100	91600	129700
20220510	000858	-19900	54300	74200	128500
20220510	300014	300	56600	56300	112899
20220510	000651	-7600	49500	57100	106600
20220510	000333	13000	55300	42300	97600
20220510	002460	1700	49000	47300	96400
20220510	002475	-29100	25600	54700	80300
20220511	999999	3	244	240	\N
20220511	399001	18	304	286	\N
20220511	600519	-40200	76200	116400	192600
20220511	601012	37500	73000	35500	108400
20220511	601899	-37400	31800	69200	101000
20220511	600036	3000	44200	41200	85399
20220511	601888	37600	57800	20200	78000
20220511	600887	5200	39000	33800	72800
20220511	603501	4700	34000	29300	63200
20220511	601318	-21600	19800	41400	61200
20220511	600111	-18600	20600	39200	59800
20220511	600309	8000	32900	24900	57800
20220511	300750	53000	152000	99000	251100
20220511	002594	95800	134200	38400	172600
20220511	000858	31900	71200	39300	110500
20220511	300274	9001	54200	45199	99400
20220511	002241	17500	54900	37400	92200
20220511	300059	25201	57800	32599	90399
20220511	002460	-19000	34700	53700	88400
20220511	002812	-9800	36400	46200	82600
20220511	300014	-5300	32000	37300	69300
20220511	000333	12700	40900	28200	69100
20220512	999999	-24	175	199	\N
20220512	399001	-4	210	213	\N
20220512	600519	-24100	66600	90700	157300
20220512	601899	-29999	15200	45199	60500
20220512	601633	-29000	14700	43700	58400
20220512	601012	6100	30800	24700	55500
20220512	600406	13200	32000	18800	50800
20220512	600036	-15300	17000	32300	49300
20220512	600887	17400	32800	15400	48200
20220512	601318	-24800	10300	35100	45500
20220512	601668	799	22799	22000	44700
20220512	603501	-4401	20099	24500	44600
20220512	300750	-2900	75800	78700	154400
20220512	002594	-400	66900	67300	134100
20220512	300059	30300	71300	41000	112400
20220512	300274	-7801	27599	35400	63000
20220512	002475	5300	32500	27200	59700
20220512	002812	-4499	25800	30299	56100
20220512	000858	11200	32500	21300	53800
20220512	002709	-22500	12400	34900	47300
20220512	000651	-2500	20000	22500	42600
20220512	002714	-12899	14700	27599	42300
20220513	999999	31	188	156	\N
20220513	399001	-11	188	199	\N
20220513	600519	50700	81300	30600	111900
20220513	600036	31001	47300	16299	63600
20220513	601012	-200	29600	29800	59400
20220513	601668	18700	33700	15000	48600
20220513	600900	29660	39000	9340	48300
20220513	601166	27400	37500	10100	47600
20220513	600089	27009	35400	8391	43800
20220513	601633	-29998	6802	36800	43600
20220513	600031	-3400	19900	23300	43200
20220513	601318	-6999	18100	25099	43200
20220513	002594	-27200	63300	90500	153800
20220513	300750	-17400	57900	75300	133200
20220513	300059	-13201	25299	38500	63800
20220513	000858	3100	33300	30200	63600
20220513	002241	5500	31200	25700	56900
20220513	000933	-27601	11299	38900	50199
20220513	002475	3299	25099	21800	46900
20220513	002812	-11200	17100	28300	45400
20220513	300274	5200	24400	19200	43600
20220513	000333	21900	32100	10200	42300
20220516	999999	-28	158	186	\N
20220516	399001	-51	183	233	\N
20220516	600519	19000	80300	61300	141600
20220516	600036	27900	48600	20700	69300
20220516	601012	8500	38400	29900	68300
20220516	600887	-18900	24600	43500	68100
20220516	601166	15900	37400	21500	58800
20220516	600031	17800	35600	17800	53300
20220516	600048	-29300	11800	41100	52800
20220516	601888	-5100	16900	22000	38900
20220516	601668	-6600	14900	21500	36400
20220516	601318	-13000	11700	24700	36400
20220516	300750	-19800	58600	78400	137000
20220516	002594	-12201	45199	57400	102600
20220516	000858	-50000	23300	73300	96700
20220516	000002	-3501	25299	28800	54200
20220516	002475	-7900	20800	28700	49500
20220516	002812	7500	27799	20299	48099
20220516	300014	-6400	20600	27000	47600
20220516	000933	-4300	21300	25600	46900
20220516	002714	7800	26500	18700	45199
20220516	300274	-27990	8010	36000	44000
20220517	999999	32	188	155	\N
20220517	399001	26	209	183	\N
20220517	600519	22200	78000	55800	133800
20220517	600036	59500	96000	36500	132500
20220517	601012	34900	56700	21800	78600
20220517	603501	16300	40100	23800	63900
20220517	601166	29300	41500	12200	53600
20220517	600438	14200	33500	19300	52800
20220517	601899	-15700	18400	34100	52500
20220517	600900	6800	28000	21200	49200
20220517	601318	-200	20900	21100	42000
20220517	600031	-200	20099	20299	40400
20220517	300750	74500	111800	37300	149100
20220517	002594	18700	82500	63800	146400
20220517	002812	17500	47400	29900	77300
20220517	002460	20300	45700	25400	71100
20220517	300274	-11700	28200	39900	68100
20220517	000333	34700	47600	12900	60500
20220517	000858	-1300	24300	25600	49900
20220517	000001	34936	41900	6964	48900
20220517	300059	-2800	18600	21400	39900
20220517	002371	-12700	13500	26200	39700
20220518	999999	-22	153	175	\N
20220518	399001	-2	192	193	\N
20220518	600519	-13200	73900	87100	161000
20220518	600036	17200	66100	48900	115000
20220518	603501	3700	36600	32900	69400
20220518	601012	-2200	30800	33000	63800
20220518	603259	-11800	20000	31800	51800
20220518	601899	-9600	20800	30400	51200
20220518	601888	1100	22200	21100	43200
20220518	600887	-2500	20200	22700	42900
20220518	600900	13000	27000	14000	41000
20220518	601088	8100	23900	15800	39700
20220518	002594	35600	82600	47000	129500
20220518	300750	4100	53500	49400	102899
20220518	000858	-20801	25099	45900	71000
20220518	002460	15000	38500	23500	61900
20220518	000001	29400	43800	14400	58200
20220518	300059	-14300	21200	35500	56700
20220518	300274	-5200	24300	29500	53700
20220518	002352	-14700	19000	33700	52699
20220518	002709	-4000	22000	26000	48000
20220518	300769	11300	25500	14200	39700
20220519	999999	27	185	158	\N
20220519	399001	23	215	191	\N
20220519	601012	8700	86500	77800	164300
20220519	600519	-24700	63300	88000	151300
20220519	600438	17300	51700	34400	86199
20220519	600036	800	31000	30200	61100
20220519	600089	11400	29100	17700	46800
20220519	600900	22900	33100	10200	43300
20220519	601166	-3400	19700	23100	42800
20220519	601668	18101	29400	11299	40599
20220519	600887	-7400	16200	23600	39900
20220519	601888	-2300	17500	19800	37300
20220519	300750	-800	77300	78100	155400
20220519	002594	24300	70900	46600	117500
20220519	002352	57965	67700	9735	77400
20220519	300274	-27000	22900	49900	72800
20220519	002460	-15500	27500	43000	70400
20220519	000858	-11400	22900	34300	57200
20220519	002271	6800	26400	19600	46000
20220519	300014	6700	24400	17700	42100
20220519	000625	4700	22300	17600	39900
20220519	002129	2300	20600	18300	38900
20220520	999999	103	277	173	\N
20220520	399001	38	258	219	\N
20220520	600519	59600	172700	113100	285700
20220520	600036	71000	110000	39000	148900
20220520	601012	30400	83000	52600	135600
20220520	600438	12299	40199	27900	68100
20220520	600900	47800	57900	10100	67900
20220520	600031	40900	51600	10700	62400
20220520	601888	36399	48099	11700	59700
20220520	601166	36600	47300	10700	58000
20220520	601919	33600	45400	11800	57300
20220520	601318	27200	41200	14000	55199
20220520	300750	-27400	79800	107200	187000
20220520	000858	67400	104200	36800	141000
20220520	002594	26500	72200	45700	117899
20220520	300059	56500	74800	18300	93100
20220520	300274	-7300	32000	39300	71300
20220520	002460	-23200	21900	45100	67000
20220520	002352	30000	47600	17600	65100
20220520	000568	19901	40000	20099	60199
20220520	002241	-18000	20600	38600	59300
20220520	002475	-5900	22400	28300	50599
20220523	999999	-26	161	186	\N
20220523	399001	-33	194	227	\N
20220523	600519	-14800	46200	61000	107300
20220523	600036	16101	56700	40599	97300
20220523	601012	-18200	28200	46400	74600
20220523	603501	-24400	24300	48700	73100
20220523	601888	-42000	12700	54700	67400
20220523	601919	42700	55000	12300	67300
20220523	601225	19000	37500	18500	56000
20220523	600900	16600	32100	15500	47600
20220523	600048	-4800	20900	25700	46500
20220523	601088	8900	27000	18100	45100
20220523	002594	-41500	44300	85800	130100
20220523	300750	-18000	53300	71300	124600
20220523	000858	-36100	29700	65800	95500
20220523	002460	-35100	16800	51900	68700
20220523	002812	-14800	23100	37900	61000
20220523	002352	18800	37400	18600	55900
20220523	300124	10900	30600	19700	50199
20220523	300274	-15699	14400	30099	44500
20220523	000792	6900	25400	18500	43900
20220523	300059	-3700	19500	23200	42699
20220524	999999	-48	188	235	\N
20220524	399001	-49	226	274	\N
20220524	600519	-56600	53400	110000	163400
20220524	600036	-13500	52000	65500	117500
20220524	601012	13400	45700	32300	78100
20220524	601919	20500	45599	25099	70700
20220524	603259	-26900	17000	43900	60900
20220524	600276	-41048	7852	48900	56800
20220524	600438	21300	36800	15500	52300
20220524	600089	16100	34000	17900	51900
20220524	603501	-11900	19800	31700	51500
20220524	600887	8700	28700	20000	48700
20220524	002594	51000	115200	64200	179400
20220524	300750	-6500	59400	65900	125399
20220524	300274	19400	45100	25700	70800
20220524	300014	26600	46600	20000	66600
20220524	002460	12000	37000	25000	62000
20220524	000858	-28500	16400	44900	61300
20220524	300059	-26200	16600	42800	59400
20220524	002352	14100	30700	16600	47300
20220524	300760	-18000	12700	30700	43400
20220524	002407	4800	23500	18700	42100
20220525	999999	20	183	163	\N
20220525	399001	13	205	192	\N
20220525	600519	-68200	58600	126800	185400
20220525	600036	8300	43900	35600	79500
20220525	601012	-8800	28200	37000	65199
20220525	600900	23700	36200	12500	48700
20220525	600089	2200	24100	21900	46000
20220525	600438	5100	24000	18900	42900
20220525	600887	14400	28000	13600	41600
20220525	600276	-6500	16900	23400	40400
20220525	600809	-9800	13600	23400	37000
20220525	603290	8401	22300	13899	36200
20220525	300750	-22600	81300	103900	185300
20220525	002594	-3700	71300	75000	146200
20220525	000858	-33700	16800	50500	67300
20220525	000568	-22800	13700	36500	50199
20220525	300661	-20400	12800	33200	46000
20220525	002460	17200	30900	13700	44600
20220525	002738	16900	29600	12700	42300
20220525	300274	4600	22700	18100	40800
20220525	300014	15701	27000	11299	38300
20220525	002709	-19770	9030	28800	37800
20220526	999999	-1	196	196	\N
20220526	399001	-16	217	232	\N
20220526	600519	-29600	67800	97400	165100
20220526	600036	17900	50900	33000	84000
20220526	601012	-16800	33500	50300	83800
20220526	600031	24900	54100	29200	83200
20220526	600887	700	31300	30600	61900
20220526	600900	12700	33600	20900	54500
20220526	603259	-1000	24400	25400	49800
20220526	600276	-8801	20099	28900	49000
20220526	601668	-2800	23000	25800	48700
20220526	601318	-10200	17800	28000	45800
20220526	300750	-22700	80100	102800	183000
20220526	002594	-16800	41800	58600	100399
20220526	300059	12400	43700	31300	75000
20220526	000858	-40700	16800	57500	74200
20220526	002475	13400	41900	28500	70400
20220526	002460	-20500	20200	40700	60900
20220526	000333	-13600	23600	37200	60900
20220526	002352	21500	38100	16600	54700
20220526	002738	5100	25500	20400	45800
20220526	000651	-13000	15700	28700	44400
20220527	999999	41	215	173	\N
20220527	399001	-3	208	211	\N
20220527	600519	61200	122400	61200	183700
20220527	603259	51100	74400	23300	97700
20220527	601012	1600	40000	38400	78500
20220527	600036	39999	58099	18100	76200
20220527	600276	9500	38100	28600	66700
20220527	600585	-23600	20900	44500	65400
20220527	600900	14100	37500	23400	60900
20220527	601919	3100	31800	28700	60500
20220527	600887	22500	40400	17900	58200
20220527	601888	22800	39600	16800	56300
20220527	300750	53000	132800	79800	212600
20220527	002594	18301	58900	40599	99500
20220527	000858	30500	59700	29200	88900
20220527	300760	59200	73800	14600	88500
20220527	002738	20300	41700	21400	63000
20220527	000333	-500	30500	31000	61400
20220527	002475	10600	35300	24700	60000
20220527	300059	4900	29800	24900	54700
20220527	002460	-14400	15600	30000	45500
20220527	002027	-21900	10800	32700	43500
20220530	999999	24	211	186	\N
20220530	399001	45	236	190	\N
20220530	600519	23400	129400	106000	235500
20220530	601012	20801	61000	40199	101199
20220530	603501	-400	46600	47000	93600
20220530	601888	38100	60400	22300	82700
20220530	600036	13500	37900	24400	62300
20220530	601318	34500	46700	12200	58900
20220530	600887	12400	33800	21400	55300
20220530	600809	17100	32300	15200	47500
20220530	603259	17999	32599	14600	47200
20220530	600900	-14800	13400	28200	41500
20220530	000858	87600	127300	39700	167000
20220530	300750	56100	100000	43900	143900
20220530	002594	-3100	61000	64100	125100
20220530	300274	31099	50599	19500	70100
20220530	000568	34800	51700	16900	68700
20220530	002027	20400	37200	16800	54100
20220530	002812	16200	33700	17500	51200
20220530	000792	24701	36000	11299	47300
20220530	002475	801	23600	22799	46400
20220530	300769	10500	27500	17000	44500
20220531	999999	78	366	287	\N
20220531	399001	59	346	286	\N
20220531	600519	72800	172300	99500	271800
20220531	600036	75600	112700	37100	149800
20220531	601012	31000	85800	54800	140600
20220531	601318	-10100	55800	65900	121700
20220531	601888	31400	70800	39400	110200
20220531	600406	-16100	35600	51700	87300
20220531	603259	15100	46800	31700	78500
20220531	600438	-2900	36000	38900	74900
20220531	601166	7600	41100	33500	74500
20220531	600048	-21200	25000	46200	71200
20220531	000858	18000	99900	81900	181900
20220531	002594	-26300	74200	100500	174700
20220531	300750	-1000	84200	85200	169500
20220531	300059	50700	79800	29100	108900
20220531	002475	-8500	47900	56400	104400
20220531	000568	29801	52600	22799	75500
20220531	002241	-12600	31400	44000	75400
20220531	300274	15200	43700	28500	72200
20220531	300957	16000	42500	26500	69000
20220531	000333	13699	40599	26900	67500
20220601	999999	3	203	200	\N
20220601	399001	9	244	235	\N
20220601	600519	1500	70400	68900	139300
20220601	601012	6700	64200	57500	121700
20220601	600887	-2300	49000	51300	100300
20220601	600036	29699	60599	30900	91500
20220601	600900	-7200	29700	36900	66700
20220601	601888	15100	39600	24500	64100
20220601	603259	-18800	18300	37100	55500
20220601	600406	11400	29600	18200	47900
20220601	601668	-6100	20800	26900	47699
20220601	601899	-12699	17400	30099	47500
20220601	300750	41700	124000	82300	206300
20220601	002594	-9900	52600	62500	115100
20220601	300059	55400	85000	29600	114600
20220601	000858	30100	69700	39600	109300
20220601	002475	-32199	25500	57699	83200
20220601	002241	23099	43099	20000	63099
20220601	300760	28400	44300	15900	60199
20220601	002460	-2300	26600	28900	55500
20220601	002074	-800	26900	27700	54700
20220601	000651	-24100	14400	38500	52800
20220602	999999	20	200	179	\N
20220602	399001	10	233	222	\N
20220602	600519	34200	70700	36500	107300
20220602	601012	-28400	22400	50800	73200
20220602	600438	16800	44800	28000	72900
20220602	603501	-13299	26900	40199	67100
20220602	600887	0	29800	29800	59600
20220602	600900	-11700	21500	33200	54700
20220602	603259	800	27100	26300	53400
20220602	601888	15200	33900	18700	52500
20220602	600585	-40245	4954	45199	50100
20220602	600233	19400	34200	14800	49100
20220602	300750	-32800	79800	112600	192399
20220602	002594	-17700	41800	59500	101300
20220602	002475	13700	51700	38000	89600
20220602	000858	7500	39800	32300	72100
20220602	300059	13000	37600	24600	62100
20220602	002074	-200	30700	30900	61600
20220602	002460	-10400	23400	33800	57200
20220602	300274	-28000	13700	41700	55400
20220602	000625	14600	34200	19600	53800
20220602	002371	-2400	24900	27300	52200
20220606	999999	50	276	225	\N
20220606	399001	62	331	269	\N
20220606	600519	67599	128699	61100	189800
20220606	603259	38600	75200	36600	111800
20220606	601899	65900	80300	14400	94700
20220606	601012	8799	50599	41800	92400
20220606	600438	15000	49800	34800	84600
20220606	600887	28100	53700	25600	79200
20220606	603501	-11500	33000	44500	77500
20220606	600036	-3800	34600	38400	73000
20220606	601888	11999	40199	28200	68400
20220606	601318	-30600	17700	48300	66100
20220606	300750	-2900	108200	111100	219300
20220606	002594	27800	99300	71500	170799
20220606	300059	1001	61200	60199	121500
20220606	002475	9300	64400	55100	119500
20220606	300274	-8800	49500	58300	107800
20220606	000858	-11100	42800	53900	96700
20220606	002460	33300	56700	23400	80100
20220606	300347	-20601	27599	48200	75800
20220606	000002	-41300	13000	54300	67300
20220606	002271	10900	39000	28100	67000
20220607	999999	42	269	226	\N
20220607	399001	3	279	275	\N
20220607	600519	98800	162300	63500	225799
20220607	601888	68800	106900	38100	145100
20220607	601012	47500	94400	46900	141400
20220607	600438	60299	96199	35900	132100
20220607	603259	14900	51600	36700	88400
20220607	600036	10800	47200	36400	83600
20220607	600031	37099	58099	21000	79100
20220607	601919	-14800	29700	44500	74100
20220607	600900	-4600	29100	33700	62800
20220607	600887	17000	38900	21900	60900
20220607	000858	-14699	71500	86199	157700
20220607	300750	41000	95500	54500	150000
20220607	300059	16500	75000	58500	133500
20220607	002594	23900	64700	40800	105600
20220607	300274	-9201	45199	54400	99600
20220607	002475	-15399	34800	50199	85100
20220607	002241	-2799	29800	32599	62400
20220607	002142	2800	31800	29000	60800
20220607	300347	14700	36500	21800	58300
20220607	002460	3000	29700	26700	56400
20220608	999999	63	277	214	\N
20220608	399001	-6	288	293	\N
20220608	600519	99400	169600	70200	239800
20220608	601888	104000	144700	40700	185500
20220608	603259	41099	101199	60100	161300
20220608	601012	27800	73900	46100	120000
20220608	600887	44300	71500	27200	98600
20220608	600276	-19000	33100	52100	85200
20220608	600438	13400	45900	32500	78400
20220608	600036	4600	37700	33100	70800
20220608	603501	5500	33200	27700	60900
20220608	600089	13300	36800	23500	60199
20220608	300750	-168500	118800	287300	406200
20220608	002594	-9900	67300	77200	144500
20220608	000858	36800	77800	41000	118699
20220608	002460	2799	55599	52800	108500
20220608	300059	8600	56600	48000	104600
20220608	300274	-2000	39700	41700	81400
20220608	002475	-28400	24900	53300	78200
20220608	300347	23200	48000	24800	72800
20220608	000333	-10301	27599	37900	65500
20220608	300014	12100	38500	26400	65000
20220609	999999	30	260	230	\N
20220609	399001	5	257	251	\N
20220609	600519	127600	191500	63900	255400
20220609	600887	92100	110800	18700	129500
20220609	600036	21900	66700	44800	111600
20220609	601888	10600	60400	49800	110200
20220609	601012	9200	59500	50300	109700
20220609	601919	-75901	13799	89700	103500
20220609	600438	-15500	32400	47900	80300
20220609	600089	35500	55300	19800	75100
20220609	600690	44643	54200	9557	63800
20220609	601318	19500	41400	21900	63300
20220609	300750	37000	116600	79600	196200
20220609	300059	16400	77200	60800	138000
20220609	002594	25200	79000	53800	132700
20220609	000858	35400	72200	36800	109000
20220609	002475	22900	60500	37600	98100
20220609	000333	17300	45400	28100	73500
20220609	002241	18500	44500	26000	70500
20220609	300450	23700	46800	23100	69900
20220609	300124	8900	30800	21900	52699
20220609	002074	-5499	22300	27799	50100
20220610	999999	85	410	324	\N
20220610	399001	30	356	325	\N
20220610	600519	213399	332299	118900	451200
20220610	600089	-42300	67600	109900	177399
20220610	600900	-40000	56600	96600	153300
20220610	601888	27500	82300	54800	137100
20220610	601012	41400	86400	45000	131400
20220610	600887	84700	100200	15500	115700
20220610	600438	4000	53200	49200	102400
20220610	600036	-8600	46000	54600	100600
20220610	601166	41800	66600	24800	91500
20220610	600111	-14700	33900	48600	82500
20220610	300750	20200	114100	93900	207900
20220610	002594	19000	110900	91900	202800
20220610	000792	-106100	27700	133800	161500
20220610	000858	-17800	51000	68800	119800
20220610	300059	16501	64600	48099	112800
20220610	002074	-43900	21500	65400	86900
20220610	002049	41500	63500	22000	85500
20220610	002497	-24200	27500	51700	79200
20220610	300390	-49300	13200	62500	75700
20220610	002460	-12700	31000	43700	74700
20220613	999999	-81	223	303	\N
20220613	399001	-56	271	326	\N
20220613	600519	-106000	56700	162700	219500
20220613	600438	7500	70300	62800	133100
20220613	600089	-200	60700	60900	121600
20220613	603259	-73500	23400	96900	120300
20220613	600887	60500	88600	28100	116700
20220613	600036	-65700	24100	89800	113900
20220613	601012	-14700	43600	58300	101900
20220613	601888	-26900	27500	54400	81900
20220613	601318	-45200	10800	56000	66900
20220613	600900	-49827	6673	56500	63099
20220613	002594	-45100	92600	137700	230300
20220613	300750	-35200	86300	121500	207800
20220613	000858	-26700	42000	68700	110700
20220613	002460	-54200	26700	80900	107600
20220613	300059	2100	46900	44800	91700
20220613	300124	37000	56200	19200	75300
20220613	000338	29301	52100	22799	74900
20220613	000625	42400	57200	14800	72100
20220613	002240	-23600	17500	41100	58600
20220613	300014	6700	31900	25200	57200
20220614	999999	36	296	260	\N
20220614	399001	3	309	306	\N
20220614	600519	45600	134400	88800	223200
20220614	601012	-4200	88800	93000	181800
20220614	600438	35200	77700	42500	120200
20220614	600089	35700	74600	38900	113500
20220614	601318	21300	54600	33300	87899
20220614	600036	9800	47800	38000	85800
20220614	603259	2400	44000	41600	85600
20220614	600887	43700	61900	18200	80100
20220614	601166	9700	40800	31100	71900
20220614	600030	-11701	27799	39500	67300
20220614	002594	-62900	97500	160400	257900
20220614	300750	-30400	73100	103500	176600
20220614	300059	-20299	70100	90399	160500
20220614	000625	2400	48800	46400	95200
20220614	002241	499	40199	39700	79900
20220614	300014	-20799	26900	47699	74600
20220614	002371	700	35900	35200	71100
20220614	002460	-6600	30900	37500	68300
20220614	000858	500	34000	33500	67600
20220614	300274	5300	32800	27500	60300
20220615	999999	77	362	284	\N
20220615	399001	55	397	341	\N
20220615	600519	-5400	104500	109900	214500
20220615	601318	-34200	75600	109800	185400
20220615	600036	93800	132000	38200	170300
20220615	600887	80900	118800	37900	156800
20220615	601012	17300	78700	61400	140100
20220615	601919	26900	64400	37500	101900
20220615	600089	43100	69800	26700	96500
20220615	600030	-2000	46600	48600	95200
20220615	601888	16100	51400	35300	86700
20220615	601166	-7400	39300	46700	86000
20220615	300750	-51400	277200	328600	605800
20220615	300059	32600	203000	170400	373400
20220615	002594	-17800	88300	106100	194400
20220615	000333	48800	111700	62900	174500
20220615	000858	-21400	61200	82600	143800
20220615	000625	24300	73100	48800	122000
20220615	000001	67200	79700	12500	92300
20220615	300274	-29000	20700	49700	70400
20220615	002812	7900	35800	27900	63700
20220615	002460	-13800	24400	38200	62500
20220616	999999	32	274	242	\N
20220616	399001	11	320	308	\N
20220616	600519	20101	82800	62699	145500
20220616	600887	41000	70900	29900	100900
20220616	601012	2300	50800	48500	99200
20220616	600036	14299	55599	41300	96900
20220616	601318	30000	61500	31500	93000
20220616	601166	-33299	24800	58099	83000
20220616	600089	61699	70900	9201	80100
20220616	600030	3600	35800	32200	68000
20220616	600438	16900	42100	25200	67300
20220616	601225	32200	49100	16900	66000
20220616	300750	-162700	141200	303900	445000
20220616	002594	-10500	70500	81000	151500
20220616	300059	5700	71800	66100	137900
20220616	000625	8499	63099	54600	117700
20220616	000858	10300	37100	26800	63900
20220616	002241	-19100	22000	41100	63099
20220616	000792	-32300	15000	47300	62300
20220616	000333	18400	37900	19500	57400
20220616	002714	15700	36500	20800	57300
20220616	002475	-3000	26800	29800	56600
