20210820	999999	-63	292	355	\N
20210820	399001	-46	378	424	\N
20210820	600519	-184300	170200	354500	524700
20210820	600276	-129400	37400	166800	204300
20210820	600036	11200	84000	72800	156800
20210820	603259	-11701	65199	76900	142100
20210820	600111	-16800	61600	78400	140100
20210820	603799	-70299	33400	103699	137100
20210820	601318	-49699	39000	88699	127700
20210820	600809	7600	61800	54200	116000
20210820	601012	-12400	44300	56700	101000
20210820	601888	4101	51800	47699	99500
20210820	000858	-148800	139800	288600	428400
20210820	300760	67900	175400	107500	282900
20210820	300750	-58301	81199	139500	220700
20210820	300059	-72100	58800	130900	189700
20210820	000651	-97800	25700	123500	149200
20210820	300274	-34200	54300	88500	142800
20210820	300142	-58000	38400	96400	134700
20210820	002460	-48800	42200	91000	133200
20210820	002594	-9100	52300	61400	113600
20210820	000001	3300	54500	51200	105700
20210823	999999	4	286	281	\N
20210823	399001	13	379	366	\N
20210823	600519	-14400	193700	208100	401800
20210823	600276	-24900	121100	146000	267100
20210823	600111	6800	76100	69300	145400
20210823	600036	22300	74800	52500	127300
20210823	601888	27000	70400	43400	113800
20210823	600809	17700	54600	36900	91500
20210823	603259	-4000	42300	46300	88600
20210823	601318	-20900	33400	54300	87700
20210823	601012	18800	51100	32300	83400
20210823	601919	38799	60599	21800	82300
20210823	000858	-172700	76800	249500	326400
20210823	300760	23300	161400	138100	299500
20210823	300750	24800	135300	110500	245799
20210823	002594	48300	94500	46200	140700
20210823	002460	-16600	61200	77800	139000
20210823	300274	22500	76500	54000	130500
20210823	000651	-3100	58900	62000	120900
20210823	300059	4899	47699	42800	90500
20210823	300142	3800	46000	42200	88200
20210823	300015	-6100	38600	44700	83400
20210824	999999	50	347	297	\N
20210824	399001	3	380	377	\N
20210824	600519	35600	188400	152800	341200
20210824	601012	134100	191000	56900	247900
20210824	600111	-15200	67500	82700	150300
20210824	601318	6700	77000	70300	147200
20210824	600276	-19800	60000	79800	139800
20210824	600030	79900	108400	28500	136900
20210824	603259	12100	72400	60300	132700
20210824	603799	53600	92700	39100	131800
20210824	600036	29100	74400	45300	119700
20210824	601888	33200	68200	35000	103200
20210824	000858	-70200	113600	183800	297400
20210824	300750	13300	107300	94000	201300
20210824	300274	-7300	83500	90800	174400
20210824	300760	10900	80500	69600	150100
20210824	002594	51000	96199	45199	141500
20210824	300059	6700	67100	60400	127500
20210824	300124	24301	69900	45599	115500
20210824	002460	-29000	40300	69300	109600
20210824	000651	7000	57400	50400	107800
20210824	000568	9700	47200	37500	84700
20210825	999999	24	308	283	\N
20210825	399001	9	355	346	\N
20210825	600519	46800	185200	138400	323600
20210825	601012	65599	117899	52300	170200
20210825	600111	-13600	66100	79700	145800
20210825	600276	-1000	61000	62000	123100
20210825	603799	8700	64200	55500	119700
20210825	603259	-3001	55199	58200	113400
20210825	600438	-3600	53800	57400	111199
20210825	600031	-25200	43000	68200	111199
20210825	600036	23600	64400	40800	105200
20210825	600010	33200	67600	34400	102000
20210825	000858	97700	201700	104000	305700
20210825	300760	-47000	60000	107000	167000
20210825	300750	-11500	74600	86100	160700
20210825	300274	12700	75200	62500	137700
20210825	002475	-47600	32200	79800	112000
20210825	002709	25100	68100	43000	111100
20210825	002594	13500	55300	41800	97100
20210825	000651	-2300	44700	47000	91600
20210825	300015	-30600	30400	61000	91400
20210825	000568	17500	52100	34600	86700
20210827	999999	36	309	272	\N
20210826	999999	18	311	293	\N
20210827	399001	25	349	324	\N
20210826	399001	-6	354	360	\N
20210901	999999	60	499	438	\N
20210831	999999	29	456	427	\N
20210830	999999	-2	335	337	\N
20210901	399001	16	471	455	\N
20210831	399001	32	449	417	\N
20210830	399001	20	428	408	\N
20210826	600519	-85599	111800	197399	309200
20210826	601600	116600	139600	23000	162600
20210826	600111	29900	89800	59900	149700
20210826	601012	34400	89800	55400	145100
20210826	600276	-54200	39800	94000	133800
20210826	600036	55600	90900	35300	126199
20210826	603799	-25100	39700	64800	104500
20210826	603259	15400	58200	42800	101000
20210826	600010	3801	51500	47699	99100
20210826	601318	-19400	39400	58800	98200
20210826	300750	10600	157400	146800	304100
20210826	300760	91701	190400	98699	289100
20210826	000858	20100	98400	78300	176700
20210826	300274	13000	79000	66000	145000
20210826	002594	-20200	34800	55000	89800
20210826	300059	-9300	36700	46000	82800
20210826	300014	-21000	28800	49800	78600
20210826	002709	20000	48000	28000	76000
20210826	300015	11000	43500	32500	75900
20210826	300782	-19301	27599	46900	74500
20210827	600111	-2300	149000	151300	300200
20210827	601012	110900	171000	60100	231100
20210827	600519	14799	80399	65600	146000
20210827	601318	29000	76200	47200	123400
20210827	603259	20700	61000	40300	101400
20210827	600030	46800	71400	24600	96000
20210827	600438	32700	64100	31400	95500
20210827	603501	-23800	32500	56300	88800
20210827	600036	43100	64700	21600	86300
20210827	601888	12900	49200	36300	85500
20210827	300760	61899	108699	46800	155600
20210827	002241	36600	95200	58600	153900
20210827	300750	30000	86500	56500	143000
20210827	000858	-35800	52000	87800	139800
20210827	002594	56400	92400	36000	128400
20210827	300014	26100	67600	41500	109100
20210827	300274	-8900	48600	57500	106199
20210827	002460	34900	67300	32400	99700
20210827	300015	-500	41800	42300	84100
20210827	300059	-20199	27900	48099	76000
20210830	601012	116600	221700	105100	326900
20210830	600519	-40800	114400	155200	269700
20210830	600111	21800	129500	107700	237300
20210830	600036	66700	120300	53600	173900
20210830	601318	-114200	28900	143100	172000
20210830	600438	-3200	68100	71300	139400
20210830	603259	15301	70500	55199	125600
20210830	600031	-37400	33600	71000	104600
20210830	601919	-6600	43700	50300	94000
20210830	603986	3200	46100	42900	89000
20210830	002241	88200	209200	121000	330200
20210830	300750	50200	153500	103300	256900
20210830	300274	18300	112300	94000	206300
20210830	000858	-38000	72300	110300	182600
20210830	002594	-29100	63600	92700	156300
20210830	002460	10400	82600	72200	154800
20210830	300760	52600	99700	47100	146900
20210830	002475	-11800	50400	62200	112600
20210830	002074	-25300	42300	67600	109900
20210830	000568	-28000	39200	67200	106400
20210831	601318	-206601	82899	289500	372299
20210831	601012	-45099	144800	189899	334700
20210831	600519	-90000	103800	193800	297600
20210831	600111	-17500	118800	136300	255100
20210831	600030	60900	116300	55400	171700
20210831	600036	24400	97700	73300	171000
20210831	600887	37200	100500	63300	163800
20210831	603501	64700	105000	40300	145400
20210831	601766	17500	70800	53300	124100
20210831	603259	-14900	47100	62000	109100
20210831	300750	83200	161700	78500	240300
20210831	000858	30299	116199	85900	202200
20210831	002241	-9601	93699	103300	197000
20210831	300059	13500	87600	74100	161600
20210831	002460	-6900	77100	84000	161000
20210831	002594	9400	83500	74100	157600
20210831	300274	8600	68500	59900	128400
20210831	300896	29800	76800	47000	123800
20210831	300124	58200	86100	27900	114000
20210831	300760	-12000	49300	61300	110600
20210901	600519	61000	278500	217500	496000
20210901	600111	13600	191700	178100	369799
20210901	601318	-22000	140800	162800	303600
20210901	601012	-50700	96700	147400	244000
20210901	600010	-58900	69200	128100	197300
20210901	600438	42199	117899	75700	193700
20210901	600030	33400	111100	77700	188800
20210901	600036	28100	100000	71900	172000
20210901	600887	64700	114000	49300	163400
20210901	600089	33999	80399	46400	126800
20210901	000858	4600	146900	142300	289200
20210901	000651	-78700	72700	151400	224100
20210901	300059	-1400	93300	94700	188000
20210901	300750	34300	106900	72600	179400
20210901	000001	-67801	45199	113000	158200
20210901	300274	7700	82800	75100	157900
20210901	002594	32800	91600	58800	150300
20210901	002460	12800	74800	62000	136800
20210901	300760	16200	72000	55800	127800
20210901	000568	23700	75700	52000	127700
20210902	999999	44	405	361	\N
20210902	399001	6	408	401	\N
20210902	600519	89000	183900	94900	278800
20210902	600111	-11300	100800	112100	212800
20210902	601012	47500	112000	64500	176500
20210902	601318	-17400	75800	93200	169000
20210902	603259	68300	114000	45700	159700
20210902	600036	4299	80399	76100	156400
20210902	601899	111699	127899	16200	144100
20210902	600438	16100	67200	51100	118300
20210902	601888	-8400	54400	62800	117200
20210902	600030	10200	63400	53200	116600
20210902	300750	37300	142500	105200	247700
20210902	000001	-76100	47000	123100	170100
20210902	000333	34299	100399	66100	166500
20210902	000858	21700	93400	71700	165100
20210902	000651	-59800	50300	110100	160500
20210902	300760	27900	80300	52400	132700
20210902	002460	-2700	64200	66900	131000
20210902	000568	-4100	58000	62100	120100
20210902	300059	11600	64600	53000	117600
20210902	002241	-5100	52400	57500	109900
20210903	999999	41	411	369	\N
20210903	399001	28	443	414	\N
20210903	600111	-12901	123699	136600	260200
20210903	600519	54600	151900	97300	249200
20210903	601012	85300	164500	79200	243700
20210903	600089	20700	95200	74500	169700
20210903	601318	-53700	55400	109100	164500
20210903	600036	11600	83500	71900	155400
20210903	600438	-19301	62699	82000	144700
20210903	600030	-14100	61100	75200	136200
20210903	603259	89400	112800	23400	136200
20210903	600010	-23200	38500	61700	100100
20210903	300750	60300	162100	101800	263800
20210903	300059	-83700	76000	159700	235700
20210903	000858	79300	120100	40800	160900
20210903	002594	-3500	77400	80900	158300
20210903	000651	-9400	65500	74900	140400
20210903	002460	18600	76200	57600	133900
20210903	000776	-21900	46800	68700	115500
20210903	000001	-56000	26400	82400	108699
20210903	002202	31000	68900	37900	106800
20210903	300760	46100	73200	27100	100300
20210906	999999	6	357	351	\N
20210906	399001	27	442	415	\N
20210906	600519	-56500	115700	172200	287900
20210906	600111	-18400	109100	127500	236600
20210906	600276	16600	94500	77900	172399
20210906	600570	126900	145400	18500	163900
20210906	603259	44099	100399	56300	156800
20210906	600031	28300	86500	58200	144700
20210906	601318	-35600	53500	89100	142600
20210906	601012	33500	87700	54200	141900
20210906	600089	-29100	48400	77500	125900
20210906	600036	-6600	53300	59900	113100
20210906	300059	-13600	183600	197200	380900
20210906	000858	-40400	134200	174600	308800
20210906	300750	151100	207800	56700	264600
20210906	002594	44899	123699	78800	202500
20210906	300760	-1600	80300	81900	162200
20210906	300015	-11400	68100	79500	147600
20210906	000651	-34600	47000	81600	128600
20210906	300274	-6800	59300	66100	125399
20210906	002460	-14200	55300	69500	124800
20210906	000333	55900	89400	33500	122899
20210907	999999	35	337	301	\N
20210907	399001	24	363	338	\N
20210907	600111	23500	145900	122400	268300
20210907	600519	-7300	99000	106300	205300
20210907	600036	41400	101700	60300	161900
20210907	600570	81800	106400	24600	131000
20210907	601899	75500	99200	23700	122800
20210907	601318	-8800	52900	61700	114600
20210907	601012	-3900	54600	58500	113200
20210907	603259	29400	70900	41500	112400
20210907	601888	-4900	49600	54500	104100
20210907	600030	5300	52100	46800	98900
20210907	300059	8800	118300	109500	227900
20210907	300750	62000	112700	50700	163400
20210907	000333	110400	135600	25200	160700
20210907	000858	22900	89800	66900	156700
20210907	300014	41900	78500	36600	115100
20210907	002594	-5600	49100	54700	103900
20210907	002241	-21100	40700	61800	102500
20210907	300274	-2700	48600	51300	99900
20210907	300124	54201	77000	22799	99800
20210907	300760	10400	53700	43300	97000
20210908	999999	-29	293	322	\N
20210908	399001	12	390	377	\N
20210908	601318	-68801	45599	114400	160000
20210908	600111	-11000	74100	85100	159300
20210908	600519	-22500	65700	88200	153900
20210908	601899	55900	100000	44100	144100
20210908	600036	3500	67100	63600	130700
20210908	601012	-28500	44500	73000	117500
20210908	601919	26200	64400	38200	102700
20210908	603501	-31100	35400	66500	101900
20210908	603259	24200	62000	37800	99700
20210908	600089	21600	57800	36200	94000
20210908	300059	120500	224300	103800	328100
20210908	300750	100001	150200	50199	200400
20210908	002241	-68400	63600	132000	195600
20210908	000651	-86501	27599	114100	141700
20210908	002594	35200	85200	50000	135200
20210908	000858	-2500	56800	59300	116199
20210908	300274	-3601	55599	59200	114800
20210908	000333	71100	91900	20800	112700
20210908	300760	17200	57100	39900	97000
20210908	002475	-16200	38500	54700	93200
20210909	999999	24	317	293	\N
20210909	399001	1	359	357	\N
20210909	600111	4600	89100	84500	173600
20210909	601899	44999	102899	57900	160799
20210909	601318	-900	67000	67900	134900
20210909	601012	-4000	57000	61000	118000
20210909	600519	-16300	50000	66300	116400
20210909	600089	21200	55700	34500	90200
20210909	600036	9200	48800	39600	88400
20210909	601919	-35100	22500	57600	80100
20210909	600019	-23601	25299	48900	74100
20210909	601985	12699	43099	30400	73600
20210909	300750	89700	154800	65100	219899
20210909	002241	-67500	57200	124700	181900
20210909	002594	3700	89600	85900	175500
20210909	300059	34700	95900	61200	157100
20210909	000858	18000	70400	52400	122800
20210909	300760	61700	91900	30200	122100
20210909	300014	-8600	48900	57500	106400
20210909	002460	16700	50500	33800	84300
20210909	300015	-9000	36100	45100	81199
20210909	300274	7200	40000	32800	72800
20210910	999999	6	379	373	\N
20210910	399001	29	399	369	\N
20210910	601899	74600	148300	73700	222000
20210910	600111	-13400	89300	102700	192000
20210910	600519	13100	100100	87000	187100
20210910	600036	51500	118800	67300	186100
20210910	601919	97900	133000	35100	168100
20210910	600089	-52200	49600	101800	151400
20210910	603993	55000	91500	36500	128000
20210910	601012	13400	69400	56000	125399
20210910	601318	-41000	42000	83000	125000
20210910	601888	26000	64600	38600	103200
20210910	300059	9900	99500	89600	189100
20210910	002594	10800	95700	84900	180500
20210910	300750	84400	131600	47200	178800
20210910	000858	39500	99800	60300	160100
20210910	300014	29200	78100	48900	127000
20210910	300274	13700	69900	56200	126000
20210910	002460	20100	72700	52600	125300
20210910	300760	47600	73200	25600	98800
20210910	000001	30800	64500	33700	98100
20210910	000651	-43300	26200	69500	95700
20210913	999999	-6	324	330	\N
20210913	399001	-33	333	365	\N
20210913	600111	-900	102200	103100	205300
20210913	601600	-65700	68900	134600	203500
20210913	600519	-60400	52300	112700	165000
20210913	601919	27000	93800	66800	160600
20210913	600036	36800	93500	56700	150200
20210913	601899	4400	68300	63900	132100
20210913	600309	34300	78100	43800	121900
20210913	603260	-42500	31700	74200	105900
20210913	600089	5800	51700	45900	97700
20210913	601012	17100	56700	39600	96300
20210913	300059	28600	108400	79800	188200
20210913	300750	74100	120800	46700	167600
20210913	000858	-77400	43400	120800	164300
20210913	002594	-30200	53600	83800	137400
20210913	300760	14300	57600	43300	100900
20210913	002460	-33700	33100	66800	99900
20210913	300014	21400	59800	38400	98200
20210913	300274	-4900	36800	41700	78500
20210913	002240	2500	36500	34000	70400
20210913	000001	-36100	16900	53000	69800
20210914	999999	-38	323	361	\N
20210914	399001	-4	374	378	\N
20210914	600111	10900	89900	79000	168900
20210914	601899	8500	87000	78500	165500
20210914	601012	63199	113699	50500	164200
20210914	600519	-45100	58700	103800	162500
20210914	601318	-101100	30000	131100	161100
20210914	600036	-10900	57100	68000	125100
20210914	601919	-29900	41300	71200	112500
20210914	600276	0	52900	52900	105800
20210914	603259	31600	67800	36200	104000
20210914	600309	10100	54700	44600	99300
20210914	300750	131000	237900	106900	344700
20210914	300059	60200	139100	78900	218000
20210914	000858	-78600	49900	128500	178400
20210914	002594	20600	97400	76800	174100
20210914	002460	42000	80900	38900	119800
20210914	300014	23600	63600	40000	103600
20210914	000807	-24600	33400	58000	91400
20210914	000002	-40500	24400	64900	89300
20210914	000630	4700	44800	40100	84800
20210914	002812	14500	49400	34900	84300
20210915	999999	25	321	296	\N
20210915	399001	-4	349	353	\N
20210915	600519	-87100	106400	193500	299900
20210915	601012	93400	149700	56300	205900
20210915	600036	45099	90399	45300	135800
20210915	600111	-100	67800	67900	135700
20210915	603259	5100	56700	51600	108400
20210915	600031	-59900	22100	82000	104100
20210915	603659	41900	71100	29200	100300
20210915	601318	-25300	37300	62600	99900
20210915	601899	9600	54200	44600	98800
20210915	600309	-11100	41700	52800	94400
20210915	002460	72500	153300	80800	234100
20210915	000858	-52000	61300	113300	174600
20210915	300750	-22200	69500	91700	161200
20210915	002594	-32500	45800	78300	124100
20210915	300059	40800	80200	39400	119700
20210915	002129	19800	57600	37800	95300
20210915	300760	24100	53500	29400	82899
20210915	000651	-50100	15800	65900	81700
20210915	000568	-9000	35700	44700	80500
20210915	000333	17800	47800	30000	77800
20210916	999999	1	397	395	\N
20210916	399001	-32	393	425	\N
20210916	600519	62600	164000	101400	265300
20210916	600111	-37700	98200	135900	234100
20210916	600036	17700	97600	79900	177500
20210916	601919	-70100	46600	116700	163299
20210916	601318	-22700	59100	81800	140900
20210916	601888	22200	77900	55700	133600
20210916	601012	-3100	58500	61600	120100
20210916	600438	8400	63300	54900	118200
20210916	601600	16299	60199	43900	104100
20210916	601899	-29200	34800	64000	98800
20210916	000858	5601	123500	117899	241400
20210916	300750	-8000	83500	91500	175000
20210916	002460	-41800	65500	107300	172800
20210916	300059	33200	84400	51200	135700
20210916	002594	15201	70800	55599	126400
20210916	300015	-16500	44600	61100	105700
20210916	300274	-13300	42400	55700	98200
20210916	300124	59600	75500	15900	91300
20210916	000002	-65900	12500	78400	90900
20210916	002714	-27300	29700	57000	86700
20210923	999999	-39	378	416	\N
20210923	399001	-5	410	415	\N
20210923	600036	-133600	97500	231100	328600
20210923	600519	-13200	112500	125700	238100
20210923	600111	-69201	83699	152900	236600
20210923	601318	-33100	73500	106600	180100
20210923	601012	-12599	81100	93699	174899
20210923	603259	10700	82200	71500	153700
20210923	600276	23100	83500	60400	143900
20210923	601888	-23400	42000	65400	107400
20210923	600089	-49500	26100	75600	101700
20210923	600900	39000	69800	30800	100600
20210923	300750	-7401	88699	96100	184800
20210923	300059	-13600	82500	96100	178600
20210923	002475	8200	85700	77500	163299
20210923	002594	-6600	76900	83500	160400
20210923	300274	69599	110399	40800	151200
20210923	000001	-87900	27000	114900	141900
20210923	300760	-45200	46600	91800	138400
20210923	300124	63000	97600	34600	132200
20210923	000858	6000	62900	56900	119800
20210923	300015	-22400	45500	67900	113400
20210924	999999	9	344	334	\N
20210924	399001	17	356	338	\N
20210924	600519	92300	218900	126600	345600
20210924	600111	-54601	93699	148300	242000
20210924	601318	-112700	48600	161300	209899
20210924	600036	-49500	61500	111000	172500
20210924	600276	31300	90600	59300	149900
20210924	601012	-37700	52300	90000	142300
20210924	600887	31500	84400	52900	137300
20210924	600438	41800	79300	37500	116800
20210924	601888	24900	67100	42200	109300
20210924	601919	14799	58099	43300	101400
20210924	000858	142401	183000	40599	223500
20210924	300274	40800	109500	68700	178200
20210924	300750	33100	90900	57800	148700
20210924	300760	-57600	37200	94800	132000
20210924	002202	51399	86199	34800	121000
20210924	300059	8100	63200	55100	118300
20210924	002475	29200	68600	39400	108000
20210924	002460	26500	64500	38000	102500
20210924	000333	-8400	45300	53700	99000
20210924	000001	-51100	23000	74100	97100
20210927	999999	1	365	363	\N
20210927	399001	12	392	379	\N
20210927	600519	114500	411500	297000	708500
20210927	600111	-14399	83500	97899	181300
20210927	600036	7700	84300	76600	160900
20210927	600887	31601	94700	63099	157900
20210927	600276	-61300	46300	107600	154000
20210927	600809	24800	82100	57300	139500
20210927	601012	15900	72500	56600	129100
20210927	601888	30500	73900	43400	117300
20210927	601318	27800	69600	41800	111400
20210927	600031	-68900	17100	86000	103100
20210927	000858	89400	192200	102800	294900
20210927	300750	1700	120600	118900	239600
20210927	300059	51300	127000	75700	202600
20210927	300274	2200	81500	79300	160900
20210927	002594	-29300	54800	84100	139000
20210927	002460	10300	65300	55000	120300
20210927	300014	-9900	48000	57900	105900
20210927	300760	-11900	46600	58500	105100
20210927	300015	14500	56900	42400	99300
20210927	002475	16600	54200	37600	91700
20210928	999999	41	312	270	\N
20210928	399001	6	320	314	\N
20210928	600519	35699	174899	139200	314100
20210928	600036	12600	87600	75000	162500
20210928	601012	-11100	58800	69900	128699
20210928	600111	24100	72400	48300	120700
20210928	600809	32300	73400	41100	114400
20210928	600887	26400	69000	42600	111600
20210928	600276	-6100	51500	57600	109100
20210928	601318	33900	69900	36000	105900
20210928	600900	7100	48900	41800	90700
20210928	601888	22700	52500	29800	82300
20210928	000568	12300	128900	116600	245500
20210928	000858	-22700	106800	129500	236300
20210928	300059	61700	123400	61700	185100
20210928	300750	15000	78800	63800	142600
20210928	300760	12900	61500	48600	110000
20210928	002594	10100	56400	46300	102700
20210928	000002	23100	59800	36700	96500
20210928	000333	26600	53600	27000	80600
20210928	300274	9800	43600	33800	77400
20210928	002460	3800	37700	33900	71600
20210929	999999	-11	303	313	\N
20210929	399001	7	325	317	\N
20210929	600519	13900	196200	182300	378500
20210929	600036	-44400	79200	123600	202800
20210929	600111	-8700	64000	72700	136700
20210929	600019	-54500	37100	91600	128699
20210929	600887	54600	89700	35100	124800
20210929	601012	22100	69600	47500	117100
20210929	600900	5400	59600	54200	113800
20210929	601919	-12300	41600	53900	95600
20210929	601318	36500	63200	26700	89900
20210929	600276	500	44100	43600	87700
20210929	000858	14700	99800	85100	184899
20210929	002594	46600	103000	56400	159400
20210929	300750	30100	88400	58300	146800
20210929	000568	-16600	62200	78800	141000
20210929	300274	-5200	55300	60500	115800
20210929	002460	3800	56100	52300	108400
20210929	300059	-18600	43000	61600	104600
20210929	000651	-16400	35400	51800	87300
20210929	000333	30600	55100	24500	79600
20210929	002352	6900	36900	30000	66900
20210930	999999	-7	272	278	\N
20210930	399001	16	297	281	\N
20210930	600519	-85600	140700	226300	367000
20210930	601888	-10500	74300	84800	159100
20210930	600900	92700	119900	27200	147100
20210930	600036	-16800	57300	74100	131500
20210930	601012	34500	79500	45000	124400
20210930	601318	-65800	23700	89500	113100
20210930	600276	12200	48300	36100	84500
20210930	600436	-29300	26400	55700	82100
20210930	600809	24600	53200	28600	81800
20210930	600887	-2700	38600	41300	80000
20210930	300750	52600	135100	82500	217600
20210930	000858	-38900	66600	105500	172100
20210930	300059	23400	89500	66100	155600
20210930	002594	59900	102000	42100	144100
20210930	002460	8800	58400	49600	108000
20210930	000568	-20800	43200	64000	107100
20210930	300014	6399	45599	39200	84800
20210930	002709	28400	50300	21900	72200
20210930	300760	-15200	27400	42600	70000
20210930	002371	-18700	25400	44100	69500
20211008	999999	-4	369	373	\N
20211008	399001	-23	365	387	\N
20211008	600519	-115300	162500	277800	440400
20211008	600276	43201	159400	116199	275600
20211008	600887	137700	201400	63700	265100
20211008	601318	131600	181900	50300	232200
20211008	601012	-80600	70700	151300	222000
20211008	600036	-68400	73800	142200	216000
20211008	601888	45600	120700	75100	195799
20211008	601919	-41000	45100	86100	131200
20211008	603501	-77200	26900	104100	131000
20211008	600900	49901	90100	40199	130300
20211008	000858	11500	130300	118800	249000
20211008	300750	-2600	99800	102400	202200
20211008	300059	-76300	50700	127000	177700
20211008	000333	51700	99700	48000	147700
20211008	002594	-26500	54300	80800	135200
20211008	002475	83800	105500	21700	127200
20211008	002460	-13300	53400	66700	120100
20211008	000568	-14200	52200	66400	118600
20211008	300760	0	57500	57500	115000
20211008	300274	6199	60199	54000	114200
20211011	999999	19	274	254	\N
20211011	399001	-18	285	302	\N
20211011	600519	-11900	104900	116800	221700
20211011	600276	-35899	59500	95399	154900
20211011	601318	200	76600	76400	153100
20211011	600036	30501	88600	58099	146700
20211011	601012	-36600	41200	77800	119000
20211011	600887	14500	55300	40800	96199
20211011	603259	38400	67000	28600	95600
20211011	601888	-300	43000	43300	86300
20211011	600406	-36700	19600	56300	75900
20211011	600111	-4300	32400	36700	69100
20211011	000858	-64100	47300	111400	158600
20211011	002594	-19400	53600	73000	126600
20211011	002812	-37900	36400	74300	110700
20211011	300274	-14600	46600	61200	107800
20211011	300750	-12600	46100	58700	104800
20211011	300059	-44000	26000	70000	96000
20211011	300760	10300	49700	39400	89100
20211011	000568	-4400	40300	44700	85000
20211011	000333	29400	51100	21700	72800
20211011	300124	5100	37500	32400	69900
20211012	999999	-4	261	265	\N
20211012	399001	-10	300	310	\N
20211012	600519	12800	86000	73200	159200
20211012	601318	-9100	64000	73100	137100
20211012	601012	-1600	58700	60300	119000
20211012	603259	30800	70700	39900	110500
20211012	600887	30200	69300	39100	108400
20211012	600276	500	46900	46400	93300
20211012	600036	-600	45400	46000	91400
20211012	601888	-9200	38200	47400	85600
20211012	600111	-18200	25400	43600	69000
20211012	603501	-24900	19400	44300	63800
20211012	300750	900	65600	64700	130300
20211012	002594	-14900	57100	72000	129200
20211012	300059	-60400	32900	93300	126199
20211012	000858	17801	70900	53099	124000
20211012	002241	-3101	48099	51200	99300
20211012	300274	18600	54100	35500	89600
20211012	000002	-20500	33000	53500	86500
20211012	300124	-5800	38400	44200	82500
20211012	300014	9300	42900	33600	76500
20211012	300760	-5300	34400	39700	74100
20211018	999999	-63	232	294	\N
20211015	999999	21	330	308	\N
20211018	399001	-19	295	313	\N
20211015	399001	4	375	370	\N
20211015	601012	81200	168200	87000	255200
20211015	600519	52900	152300	99400	251700
20211015	601318	-99900	48600	148500	197100
20211015	600276	-55100	49000	104100	153100
20211015	601919	-6500	72400	78900	151300
20211015	600887	7600	58900	51300	110200
20211015	601899	43100	72800	29700	102600
20211015	600036	15000	56000	41000	97000
20211015	601888	-3700	46200	49900	96199
20211015	603986	18200	49500	31300	80800
20211015	300750	102600	301900	199300	501200
20211015	000858	-48900	77500	126400	203900
20211015	002594	11800	95800	84000	179800
20211015	002460	-13600	61700	75300	137100
20211015	300274	55700	90600	34900	125500
20211015	300059	24600	71200	46600	117899
20211015	300760	-48400	31400	79800	111199
20211015	000333	21200	58900	37700	96600
20211015	000002	-32401	30099	62500	92600
20211015	300124	12200	51500	39300	90800
20211018	600519	-143300	146800	290100	437000
20211018	601318	-105900	25600	131500	157100
20211018	601919	10600	65600	55000	120600
20211018	600036	-15800	41400	57200	98600
20211018	601012	-21700	36100	57800	93900
20211018	600887	10100	49900	39800	89700
20211018	601899	14700	51900	37200	89100
20211018	600809	-35600	23800	59400	83200
20211018	600276	-14600	32500	47100	79600
20211018	603501	-29500	24700	54200	79000
20211018	300750	75300	219500	144200	363700
20211018	000858	-65400	87700	153100	240700
20211018	000568	30300	75800	45500	121300
20211018	300059	-17000	49200	66200	115300
20211018	300274	14800	61600	46800	108300
20211018	002594	-18300	45000	63300	108300
20211018	000002	-31699	26000	57699	83699
20211018	002714	-26701	27799	54500	82300
20211018	000333	16000	45500	29500	75000
20211018	300760	4200	39000	34800	73800
20211019	999999	17	238	220	\N
20211019	399001	21	291	270	\N
20211019	600519	-22200	130200	152400	282600
20211019	601012	22200	59800	37600	97400
20211019	600036	32699	60199	27500	87700
20211019	600309	38400	61300	22900	84200
20211019	600276	16700	50400	33700	84100
20211019	601919	-35200	23500	58700	82300
20211019	600809	12700	44700	32000	76700
20211019	601318	33200	54500	21300	75800
20211019	603501	-11700	29500	41200	70700
20211019	601899	5400	36600	31200	67700
20211019	300750	70900	182700	111800	294500
20211019	000858	24700	92700	68000	160700
20211019	002594	4500	56800	52300	109100
20211019	002475	43300	68500	25200	93800
20211019	002129	-5500	41500	47000	88500
20211019	300059	1900	44400	42500	86900
20211019	002714	14200	49800	35600	85399
20211019	002460	-3300	39200	42500	81700
20211019	300014	-3000	38300	41300	79600
20211019	300274	14500	46200	31700	77900
20211020	999999	16	236	220	\N
20211020	399001	24	293	268	\N
20211020	601012	33600	101800	68200	170100
20211020	600309	69500	111900	42400	154300
20211020	600276	-1000	60500	61500	122000
20211020	601318	-60899	29500	90399	119900
20211020	600519	19400	69000	49600	118500
20211020	601919	-63000	23400	86400	109800
20211020	600111	5100	40000	34900	74800
20211020	603259	7500	40400	32900	73300
20211020	601888	-1100	34400	35500	70000
20211020	600010	-36000	15100	51100	66100
20211020	300750	50900	130800	79900	210600
20211020	300760	-3800	82800	86600	169400
20211020	002594	30100	74600	44500	119000
20211020	000333	24700	65700	41000	106700
20211020	002812	20600	60300	39700	100000
20211020	000858	27900	59800	31900	91700
20211020	300274	200	44600	44400	89100
20211020	002129	-20300	31100	51400	82500
20211020	300059	10700	43800	33100	76900
20211020	000002	-34700	17800	52500	70300
20211021	999999	57	277	220	\N
20211021	399001	44	292	248	\N
20211021	601318	102000	176400	74400	250700
20211021	601012	-33500	67400	100900	168299
20211021	600519	42800	88500	45700	134200
20211021	600111	31200	73600	42400	116100
20211021	600036	66900	90300	23400	113699
20211021	600309	46900	66300	19400	85700
20211021	601225	39300	55800	16500	72300
20211021	601166	29800	50000	20200	70300
20211021	600276	-24600	22300	46900	69200
20211021	600887	13000	34200	21200	55400
20211021	300750	47500	132000	84500	216500
20211021	000002	-49100	45700	94800	140500
20211021	002594	35200	79700	44500	124100
20211021	000001	-6100	50400	56500	106900
20211021	000858	50600	78600	28000	106700
20211021	002460	54900	74400	19500	93900
20211021	300274	28700	55300	26600	81900
20211021	002352	13499	45199	31700	76900
20211021	300760	10100	41200	31100	72300
20211021	300014	34000	52500	18500	71000
20211022	999999	72	286	214	\N
20211022	399001	59	308	249	\N
20211022	600519	60800	116100	55300	171400
20211022	601318	-1000	72300	73300	145600
20211022	600111	69500	101300	31800	133100
20211022	601012	6900	62800	55900	118699
20211022	600887	39300	69500	30200	99600
20211022	600036	36200	64600	28400	93000
20211022	603799	40400	65000	24600	89500
20211022	601888	46400	65600	19200	84800
20211022	600690	21700	43700	22000	65700
20211022	603986	41900	53000	11100	64100
20211022	300750	122700	201800	79100	280800
20211022	002594	73500	125800	52300	178100
20211022	000858	63800	99400	35600	135000
20211022	000333	42699	81199	38500	119700
20211022	000651	-36900	36000	72900	109000
20211022	300059	-36200	26100	62300	88400
20211022	002352	-42901	16299	59200	75500
20211022	000002	4700	39900	35200	75100
20211022	002812	-30300	19100	49400	68400
20211022	300014	16600	42300	25700	68000
20211025	999999	15	255	239	\N
20211025	399001	-7	289	296	\N
20211025	600519	-84300	77400	161700	239200
20211025	600887	74000	129100	55100	184200
20211025	601012	1000	86900	85900	172900
20211025	600036	35499	88699	53200	141900
20211025	600111	5400	64400	59000	123400
20211025	601318	-41300	26600	67900	94500
20211025	601888	4600	38600	34000	72600
20211025	600438	11700	39700	28000	67700
20211025	600406	-19800	23900	43700	67500
20211025	600276	-23200	20900	44100	65000
20211025	300750	8500	134600	126100	260700
20211025	300274	79701	139900	60199	200100
20211025	000651	-115900	17500	133400	150900
20211025	002594	-26700	60500	87200	147700
20211025	000002	-63000	31300	94300	125600
20211025	000858	2400	60400	58000	118400
20211025	300059	-17300	44500	61800	106300
20211025	002709	64800	79500	14700	94200
20211025	002352	-19600	37300	56900	94200
20211025	002460	26400	56200	29800	85900
20211026	999999	-15	237	251	\N
20211026	399001	22	319	296	\N
20211026	600111	-3000	76000	79000	154900
20211026	601012	-1600	70400	72000	142400
20211026	600036	10500	72000	61500	133500
20211026	600519	-30900	45000	75900	120900
20211026	601318	-32100	29600	61700	91300
20211026	600406	16599	45599	29000	74500
20211026	601669	33099	50199	17100	67300
20211026	601166	-19900	22300	42200	64500
20211026	601899	-1500	29700	31200	60900
20211026	600438	-23700	17500	41200	58800
20211026	300750	75400	164500	89100	253600
20211026	002594	7500	109700	102200	211800
20211026	000002	-82100	19400	101500	120900
20211026	002460	-21900	45400	67300	112700
20211026	000858	23000	62000	39000	100900
20211026	002812	-8700	44600	53300	97899
20211026	002074	18700	52900	34200	87100
20211026	300059	4400	43900	39500	83500
20211026	002709	25000	54200	29200	83400
20211026	002326	10300	44700	34400	79000
20211027	999999	8	248	239	\N
20211027	399001	-39	309	348	\N
20211027	600519	-30200	71700	101900	173500
20211027	601012	40499	96199	55700	151900
20211027	600111	-20400	43600	64000	107600
20211027	600036	26500	54000	27500	81600
20211027	601318	-17500	27300	44800	72100
20211027	600887	8900	39300	30400	69700
20211027	601669	-9900	29100	39000	68100
20211027	601600	16400	42100	25700	67900
20211027	600309	-15200	23300	38500	61700
20211027	603259	6300	33800	27500	61300
20211027	300750	12500	141500	129000	270500
20211027	000651	-161600	19400	181000	200400
20211027	000333	-176900	0	176900	176900
20211027	300059	-75600	24300	99900	124300
20211027	002709	66000	95000	29000	124000
20211027	002594	16000	69800	53800	123600
20211027	002812	14400	60400	46000	106400
20211027	300274	9900	56400	46500	102899
20211027	002475	-19300	37700	57000	94700
20211027	002460	42900	68600	25700	94300
20211028	999999	45	304	259	\N
20211028	399001	26	343	317	\N
20211028	600519	130300	170400	40100	210500
20211028	600111	23700	92600	68900	161500
20211028	601012	7900	79300	71400	150800
20211028	603986	5100	77900	72800	150700
20211028	601225	6900	52300	45400	97700
20211028	601318	-14001	40199	54200	94300
20211028	600276	-16900	37100	54000	91100
20211028	601600	-8100	40500	48600	89100
20211028	603501	32100	59500	27400	86900
20211028	601877	-7300	37600	44900	82500
20211028	300750	33300	186200	152900	339099
20211028	002594	110200	150500	40300	190799
20211028	002475	1700	95900	94200	190200
20211028	300124	25100	82100	57000	139100
20211028	000858	17400	71600	54200	125800
20211028	002812	-8800	55400	64200	119600
20211028	300014	19900	69100	49200	118300
20211028	002271	-108200	0	108200	108200
20211028	300059	-32700	35900	68600	104500
20211028	002709	41400	66100	24700	90800
20211029	999999	32	327	294	\N
20211029	399001	14	398	383	\N
20211029	601012	101300	227600	126300	354000
20211029	601318	-186300	25500	211800	237300
20211029	600887	83200	133600	50400	184000
20211029	600519	-1500	90500	92000	182600
20211029	603986	28400	65500	37100	102600
20211029	600030	51300	73600	22300	95900
20211029	600036	-20900	34900	55800	90700
20211029	600111	-700	39300	40000	79300
20211029	600809	11800	45400	33600	79000
20211029	600276	16100	46300	30200	76500
20211029	002709	39900	184800	144900	329700
20211029	300750	36600	181000	144400	325400
20211029	300274	-29200	118200	147400	265500
20211029	002594	1700	108900	107200	216100
20211029	002812	-22100	52500	74600	127100
20211029	000858	800	61700	60900	122700
20211029	300450	-37000	42200	79200	121400
20211029	000568	-1300	59900	61200	121000
20211029	002460	-33100	43300	76400	119800
20211029	300014	-27800	45800	73600	119400
20211101	999999	13	311	297	\N
20211101	399001	-7	353	360	\N
20211101	601012	-34000	162200	196200	358300
20211101	600519	60900	162900	102000	264900
20211101	600111	-22500	73600	96100	169600
20211101	600887	-4600	54800	59400	114200
20211101	603259	-43400	34300	77700	111900
20211101	600809	22600	56200	33600	89800
20211101	600132	26600	56000	29400	85399
20211101	603799	-36600	20900	57500	78300
20211101	600276	17900	44600	26700	71300
20211101	603986	-2800	33600	36400	70000
20211101	300750	128100	291000	162900	453900
20211101	000858	-89400	79000	168400	247399
20211101	002594	-53700	55700	109400	165100
20211101	300274	-12300	62000	74300	136300
20211101	300124	29000	70800	41800	112700
20211101	002241	49600	80100	30500	110600
20211101	002709	-8500	36400	44900	81400
20211101	002475	22500	51500	29000	80500
20211101	002460	17200	48500	31300	79800
20211101	000625	31800	55100	23300	78400
20211102	999999	13	343	329	\N
20211102	399001	10	342	331	\N
20211102	601012	129500	251000	121500	372400
20211102	601888	68400	202500	134100	336599
20211102	600519	-34201	85399	119600	205000
20211102	601318	43900	103800	59900	163700
20211102	600036	-32701	48099	80800	128900
20211102	600111	-14700	53000	67700	120700
20211102	603259	27600	71500	43900	115399
20211102	600887	-1800	47300	49100	96500
20211102	600460	47300	71300	24000	95300
20211102	601166	-44700	25000	69700	94700
20211102	300750	89800	204400	114600	319000
20211102	002594	-9600	87300	96900	184200
20211102	000858	-4700	79200	83900	163100
20211102	002460	23100	71400	48300	119700
20211102	000568	-26799	30900	57699	88600
20211102	300274	-4699	40500	45199	85700
20211102	300124	-2400	39100	41500	80500
20211102	002475	-6400	36000	42400	78400
20211102	300059	-26400	25700	52100	77800
20211102	300014	5900	40100	34200	74200
20211103	999999	-7	264	270	\N
20211103	399001	13	303	290	\N
20211103	601012	-160800	152200	313000	465200
20211103	600519	-45500	60300	105800	166100
20211103	600887	63900	101500	37600	139100
20211103	601888	51700	84800	33100	117899
20211103	600522	59200	81600	22400	104000
20211103	600111	-21900	31900	53800	85600
20211103	600036	20200	51600	31400	83000
20211103	600460	-35200	18400	53600	72000
20211103	603986	-3000	32300	35300	67600
20211103	601318	-8000	26700	34700	61400
20211103	300750	28800	143300	114500	257700
20211103	002594	4400	70300	65900	136200
20211103	002460	-8000	46400	54400	100700
20211103	000858	-13000	42400	55400	97800
20211103	300274	-8800	44000	52800	96700
20211103	300059	15700	49900	34200	84100
20211103	300760	-36800	19000	55800	74700
20211103	000725	23500	49000	25500	74500
20211103	002202	-10100	30400	40500	71000
20211103	300014	8300	36400	28100	64500
20211104	999999	-1	241	242	\N
20211104	399001	12	301	289	\N
20211104	601012	-89700	79500	169200	248700
20211104	600519	51199	118699	67500	186200
20211104	600887	5200	91000	85800	176800
20211104	601888	47200	76500	29300	105800
20211104	603259	20700	61400	40700	102100
20211104	600276	43200	69900	26700	96600
20211104	600809	17000	54900	37900	92800
20211104	600036	-10300	36200	46500	82800
20211104	600460	58600	70200	11600	81700
20211104	603799	35500	56900	21400	78300
20211104	002594	30500	124700	94200	218900
20211104	300750	200	92800	92600	185400
20211104	000858	38800	82300	43500	125900
20211104	002475	26500	65000	38500	103600
20211104	300124	54400	78000	23600	101500
20211104	300274	19300	57200	37900	95200
20211104	300073	54200	72300	18100	90399
20211104	002202	18000	46300	28300	74700
20211104	000651	-35700	17900	53600	71500
20211104	002304	38200	53000	14800	67800
20211105	999999	-20	219	239	\N
20211105	399001	13	298	284	\N
20211105	601012	-54500	68100	122600	190799
20211105	600519	11000	76400	65400	141900
20211105	603799	33500	85200	51700	136900
20211105	600276	23000	75400	52400	127899
20211105	600522	-35400	26300	61700	88000
20211105	601615	-13700	34200	47900	82100
20211105	600887	200	38000	37800	75800
20211105	603259	16900	46100	29200	75300
20211105	600111	-3300	34700	38000	72700
20211105	601888	24200	45300	21100	66400
20211105	000858	16200	71900	55700	127600
20211105	002460	51300	89200	37900	127100
20211105	300750	27000	72700	45700	118500
20211105	002594	-16200	49900	66100	116000
20211105	002241	31900	72000	40100	112100
20211105	002202	-9500	39700	49200	88900
20211105	300059	51700	70100	18400	88500
20211105	002812	4000	43300	39300	82500
20211105	002475	-13700	29700	43400	73100
20211105	002384	12001	42100	30099	72100
